,name,latitude,longitude,tag,score,Unnamed: 0
0,경복궁,37.579617,126.977041,국가유산,1,
1,창덕궁,37.5794309,126.9910426,국가유산,1,
2,창경궁,37.5788149,126.9949298,국가유산,1,
3,덕수궁(숭례문 포함),37.5658862,126.9749017,국가유산,1,
4,종묘,37.5746313,126.9938158,국가유산,1,
5,정부서울청사,37.5748454,126.9754214,중앙행정기관,1,
6,국방부,37.5336638,126.9776003,중앙행정기관,1,
7,대검찰청,37.4938474,127.0050471,중앙행정기관,1,
8,경찰청,37.56359,126.9673513,중앙행정기관,1,
9,기상청,37.4937629,126.9167512,중앙행정기관,1,
10,국립국악중학교,37.47628967,127.0511892,학교,1,0.0
11,국립전통예술중학교,37.44636909,126.9064673,학교,1,1.0
12,금천문화예술정보학교,37.47926444,126.9072211,학교,1,2.0
13,서울다솜관광고등학교,37.57209208,127.0172947,학교,1,3.0
14,서울산업정보학교,37.47050647,126.9419419,학교,1,4.0
15,서울실용음악고등학교,37.56334363,127.0206354,학교,1,5.0
16,서초문화예술정보학교,37.48806568,127.0299741,학교,1,6.0
17,선화예술중학교,37.55098142,127.0870937,학교,1,7.0
18,아현산업정보학교,37.5570236,126.9580154,학교,1,8.0
19,여명학교,37.56111529,126.864217,학교,1,9.0
20,예원학교,37.5669814,126.9715397,학교,1,10.0
21,오디세이학교,37.57209208,127.0172947,학교,1,11.0
22,은평문화예술정보학교,37.58958023,126.9191205,학교,1,12.0
23,종로산업정보학교,37.57256874,127.0171865,학교,1,13.0
24,서울명신초등학교,37.58144971,127.0146244,학교,1,14.0
25,서울재동초등학교,37.58002917,126.9851729,학교,1,15.0
26,서울창신초등학교,37.57621192,127.0142971,학교,1,16.0
27,서울청운초등학교,37.58601787,126.9691835,학교,1,17.0
28,서울혜화초등학교,37.58863646,127.0002516,학교,1,18.0
29,린덴바움유치원,37.57476936,126.9615723,학교,1,19.0
30,배화여자대학교,37.57954091,126.9672914,학교,1,20.0
31,봄샘유치원,37.573453,127.0065561,학교,1,21.0
32,상명사대부속유치원,37.60074594,126.9564214,학교,1,22.0
33,세검정유치원,37.60026988,126.9596556,학교,1,23.0
34,세종유치원,37.57541092,126.9700201,학교,1,24.0
35,옥인유치원,37.58222561,126.9703453,학교,1,25.0
36,운현유치원,37.57663084,126.9881624,학교,1,26.0
37,청룡유치원,37.57941224,127.0166552,학교,1,27.0
38,한아름유치원,37.5905266,127.0010756,학교,1,28.0
39,혜화유치원,37.5868767,127.0031284,학교,1,29.0
40,서울대학교사범대학부설초등학교,37.57759678,127.0042935,학교,1,30.0
41,서울교동초등학교,37.57500887,126.9881504,학교,1,31.0
42,서울독립문초등학교,37.57421467,126.9599724,학교,1,32.0
43,서울매동초등학교,37.57750154,126.966946,학교,1,33.0
44,서울세검정초등학교,37.60348111,126.9610832,학교,1,34.0
45,서울효제초등학교,37.57268832,127.0034871,학교,1,35.0
46,상명대학교사범대학부속초등학교,37.60074594,126.9564214,학교,1,36.0
47,운현초등학교,37.57663084,126.9881624,학교,1,37.0
48,서울대학교사범대학부설여자중학교,37.57759678,127.0042935,학교,1,38.0
49,청운중학교,37.58917195,126.9713028,학교,1,39.0
50,경신중학교,37.59219852,126.9995359,학교,1,40.0
51,대신중학교,37.57312668,126.9612555,학교,1,41.0
52,덕성여자중학교,37.57778454,126.9819088,학교,1,42.0
53,동성중학교,37.58506495,127.0030506,학교,1,43.0
54,배화여자중학교,37.57954091,126.9672914,학교,1,44.0
55,상명대학교사범대학부속여자중학교,37.60410469,126.9551628,학교,1,45.0
56,중앙중학교,37.58378825,126.9874769,학교,1,46.0
57,경기상업고등학교,37.5892602,126.970056,학교,1,47.0
58,경복고등학교,37.585948,126.9715056,학교,1,48.0
59,서울과학고등학교,37.59154946,126.9984349,학교,1,49.0
60,서울국제고등학교,37.59179476,126.9954875,학교,1,50.0
61,경신고등학교,37.59219852,126.9995359,학교,1,51.0
62,대동세무고등학교,37.58158473,126.9879483,학교,1,52.0
63,대신고등학교,37.57312668,126.9612555,학교,1,53.0
64,덕성여자고등학교,37.57775352,126.9835395,학교,1,54.0
65,동성고등학교,37.58506495,127.0030506,학교,1,55.0
66,배화여자고등학교,37.57954091,126.9672914,학교,1,56.0
67,상명대학교사범대학부속여자고등학교,37.60410469,126.9551628,학교,1,57.0
68,서울예술고등학교,37.60575733,126.9678922,학교,1,58.0
69,서일문화예술고등학교,37.57938007,127.0127949,학교,1,59.0
70,중앙고등학교,37.58378825,126.9874769,학교,1,60.0
71,서울농학교,37.58564484,126.9687697,학교,1,61.0
72,서울맹학교,37.58477105,126.9677627,학교,1,62.0
73,서울경운학교,37.57506573,126.9874251,학교,1,63.0
74,수도사랑의학교,37.5747834,126.9652287,학교,1,64.0
75,서울광희초등학교,37.56730323,127.0156935,학교,1,65.0
76,서울덕수초등학교,37.5690899,126.9746577,학교,1,66.0
77,서울장충유치원,37.55997148,127.0117038,학교,1,67.0
78,서울충무초등학교,37.56194686,127.0012304,학교,1,68.0
79,가명유치원,37.55919272,126.9669834,학교,1,69.0
80,근화유치원,37.55906553,127.0089654,학교,1,70.0
81,리라유치원,37.55781557,126.9879865,학교,1,71.0
82,수암유치원,37.54721605,127.0056591,학교,1,72.0
83,숭의여자대학교부설유치원,37.55785626,126.9874766,학교,1,73.0
84,신일유치원,37.55538651,127.0118661,학교,1,74.0
85,약수유치원,37.55545851,127.0161773,학교,1,75.0
86,영락유치원,37.56318701,126.9891816,학교,1,76.0
87,한일유치원,37.56318587,127.0200828,학교,1,77.0
88,서울남산초등학교,37.55978746,126.9867714,학교,1,78.0
89,서울봉래초등학교,37.55641141,126.9652561,학교,1,79.0
90,서울신당초등학교,37.56359405,127.023677,학교,1,80.0
91,서울장충초등학교,37.55997148,127.0117038,학교,1,81.0
92,서울청구초등학교,37.55911438,127.0137298,학교,1,82.0
93,서울흥인초등학교,37.5608693,127.0145556,학교,1,83.0
94,동산초등학교,37.5562019,127.0167221,학교,1,84.0
95,리라초등학교,37.55781557,126.9879865,학교,1,85.0
96,숭의초등학교,37.55785626,126.9874766,학교,1,86.0
97,금호여자중학교,37.55804409,127.020467,학교,1,87.0
98,덕수중학교,37.56557824,126.9969938,학교,1,88.0
99,장원중학교,37.55396813,127.0060449,학교,1,89.0
100,창덕여자중학교,37.56642955,126.9692154,학교,1,90.0
101,대경중학교,37.55637524,127.0169802,학교,1,91.0
102,장충중학교,37.55351169,127.0064131,학교,1,92.0
103,한양중학교,37.56584366,127.0113886,학교,1,93.0
104,환일중학교,37.55391598,126.9622235,학교,1,94.0
105,성동고등학교,37.56416009,127.0223905,학교,1,95.0
106,성동공업고등학교,37.56941307,127.0169449,학교,1,96.0
107,성동글로벌경영고등학교,37.56585252,127.0135279,학교,1,97.0
108,대경생활과학고등학교,37.55637524,127.0169802,학교,1,98.0
109,리라아트고등학교,37.5571328,126.9882221,학교,1,99.0
110,서울의료보건고등학교,37.55729819,126.9667153,학교,1,100.0
111,이화여자고등학교,37.5661776,126.9713243,학교,1,101.0
112,이화여자외국어고등학교,37.56557731,126.969646,학교,1,102.0
113,장충고등학교,37.55351169,127.0064131,학교,1,103.0
114,한양공업고등학교,37.56584366,127.0113886,학교,1,104.0
115,환일고등학교,37.55391598,126.9622235,학교,1,105.0
116,지구촌학교,37.48885785,126.8351755,학교,1,106.0
117,서울남정초등학교,37.53567446,126.9648069,학교,1,107.0
118,서울서빙고초등학교,37.52207188,126.9923039,학교,1,108.0
119,서울청파유치원,37.54730493,126.9635486,학교,1,109.0
120,서울한남초등학교,37.53920521,127.0055956,학교,1,110.0
121,강변유치원,37.51833094,126.9774219,학교,1,111.0
122,계성유치원,37.53585686,126.9527766,학교,1,112.0
123,대건유치원,37.52071343,126.9778532,학교,1,113.0
124,도원유치원,37.53870405,126.9578627,학교,1,114.0
125,복자유치원,37.55200063,126.9781849,학교,1,115.0
126,원유치원,37.51965023,126.9768156,학교,1,116.0
127,일민유치원,37.53442823,126.9501829,학교,1,117.0
128,충신유치원,37.52101503,126.973143,학교,1,118.0
129,한가람유치원,37.51951743,126.9812633,학교,1,119.0
130,서울금양초등학교,37.54093756,126.9618374,학교,1,120.0
131,서울보광초등학교,37.53254082,126.9963948,학교,1,121.0
132,서울삼광초등학교,37.54775193,126.9765906,학교,1,122.0
133,서울신용산초등학교,37.52062883,126.9753656,학교,1,123.0
134,서울용산초등학교,37.53561582,126.9725471,학교,1,124.0
135,서울용암초등학교,37.54530343,126.9894342,학교,1,125.0
136,서울원효초등학교,37.53616136,126.9515503,학교,1,126.0
137,서울이태원초등학교,37.53647615,126.9876748,학교,1,127.0
138,서울청파초등학교,37.54730493,126.9635486,학교,1,128.0
139,서울한강초등학교,37.52522488,126.9650982,학교,1,129.0
140,서울후암초등학교,37.55136439,126.9817246,학교,1,130.0
141,신광초등학교,37.54289634,126.9694486,학교,1,131.0
142,선린중학교,37.5427675,126.9660442,학교,1,132.0
143,용강중학교,37.521576,126.9754884,학교,1,133.0
144,용산중학교,37.54598729,126.9809263,학교,1,134.0
145,한강중학교,37.52360783,126.9927923,학교,1,135.0
146,배문중학교,37.54992111,126.9639085,학교,1,136.0
147,보성여자중학교,37.54307875,126.9842814,학교,1,137.0
148,성심여자중학교,37.53420605,126.9545987,학교,1,138.0
149,신광여자중학교,37.54289634,126.9694486,학교,1,139.0
150,오산중학교,37.52357742,127.0008929,학교,1,140.0
151,선린인터넷고등학교,37.5427675,126.9660442,학교,1,141.0
152,용산고등학교,37.545865,126.9803281,학교,1,142.0
153,용산철도고등학교,37.52434362,126.9673617,학교,1,143.0
154,중경고등학교,37.5176758,126.9756435,학교,1,144.0
155,배문고등학교,37.54992111,126.9639085,학교,1,145.0
156,보성여자고등학교,37.54307875,126.9842814,학교,1,146.0
157,서울디지텍고등학교,37.53897017,126.9906171,학교,1,147.0
158,성심여자고등학교,37.53420605,126.9545987,학교,1,148.0
159,신광여자고등학교,37.54289634,126.9694486,학교,1,149.0
160,오산고등학교,37.52357742,127.0008929,학교,1,150.0
161,서울경동유치원,37.54382383,127.0500749,학교,1,151.0
162,서울경수초등학교,37.54043669,127.0580615,학교,1,152.0
163,서울경일초등학교,37.54093957,127.0466036,학교,1,153.0
164,서울금호초등학교,37.5519013,127.020751,학교,1,154.0
165,서울동명초등학교,37.56812104,127.0351077,학교,1,155.0
166,서울마장초등학교,37.56815733,127.0417859,학교,1,156.0
167,서울무학초등학교,37.56326494,127.0296691,학교,1,157.0
168,서울사근초등학교,37.56268067,127.0475721,학교,1,158.0
169,서울성수초등학교,37.54397574,127.0634715,학교,1,159.0
170,서울송원초등학교,37.55424125,127.0695001,학교,1,160.0
171,서울숭신초등학교,37.56791633,127.0277184,학교,1,161.0
172,서울옥수초등학교,37.54553119,127.0218753,학교,1,162.0
173,서울옥정초등학교,37.54230896,127.0157841,학교,1,163.0
174,서울용답초등학교,37.56073007,127.0537656,학교,1,164.0
175,경동유치원,37.55450505,127.0261721,학교,1,165.0
176,금호유치원,37.54879419,127.0231116,학교,1,166.0
177,로사유치원,37.53947737,127.046294,학교,1,167.0
178,미타유치원,37.54360946,127.0172268,학교,1,168.0
179,성심유치원,37.56624211,127.0334226,학교,1,169.0
180,세성유치원,37.55385791,127.0340577,학교,1,170.0
181,세인유치원,37.56503804,127.0460366,학교,1,171.0
182,아이들세상유치원,37.54532728,127.0179285,학교,1,172.0
183,에덴유치원,37.5582013,127.027505,학교,1,173.0
184,옥수삼성유치원,37.54263142,127.0155536,학교,1,174.0
185,옥수예일유치원,37.54459298,127.0119858,학교,1,175.0
186,율화유치원,37.55365926,127.0384289,학교,1,176.0
187,조은유치원,37.56961486,127.0415182,학교,1,177.0
188,한양여자대학교부속유치원,37.55791918,127.0493191,학교,1,178.0
189,서울경동초등학교,37.54382383,127.0500749,학교,1,179.0
190,서울금북초등학교,37.55749294,127.0235528,학교,1,180.0
191,서울금옥초등학교,37.54620936,127.0178151,학교,1,181.0
192,서울동호초등학교,37.54660336,127.0099563,학교,1,182.0
193,서울응봉초등학교,37.55019019,127.0340031,학교,1,183.0
194,서울행당초등학교,37.55701826,127.0348771,학교,1,184.0
195,서울행현초등학교,37.557604,127.0293802,학교,1,185.0
196,한양초등학교,37.55718384,127.0475175,학교,1,186.0
197,경수중학교,37.53950068,127.0593293,학교,1,187.0
198,경일중학교,37.54380591,127.0478459,학교,1,188.0
199,광희중학교,37.55115412,127.0339794,학교,1,189.0
200,동마중학교,37.56280256,127.0403603,학교,1,190.0
201,마장중학교,37.56815733,127.0417859,학교,1,191.0
202,무학중학교,37.55757184,127.0320518,학교,1,192.0
203,성수중학교,37.54734145,127.0382496,학교,1,193.0
204,성원중학교,37.53945525,127.0513863,학교,1,194.0
205,옥정중학교,37.54167292,127.0129861,학교,1,195.0
206,행당중학교,37.55452297,127.0415981,학교,1,196.0
207,한양대학교사범대학부속중학교,37.56191749,127.0423298,학교,1,197.0
208,경일고등학교,37.54380591,127.0478459,학교,1,198.0
209,금호고등학교,37.55361746,127.0234335,학교,1,199.0
210,도선고등학교,37.56668489,127.0269873,학교,1,200.0
211,무학여자고등학교,37.55762287,127.0338847,학교,1,201.0
212,서울방송고등학교,37.54777476,127.0110385,학교,1,202.0
213,성수고등학교,37.54734145,127.0382496,학교,1,203.0
214,한양대학교사범대학부속고등학교,37.55450043,127.0466122,학교,1,204.0
215,서울구의초등학교,37.54300861,127.0803106,학교,1,205.0
216,서울신양초등학교,37.53468329,127.0699917,학교,1,206.0
217,서울신자초등학교,37.53025795,127.0755905,학교,1,207.0
218,서울양남초등학교,37.53112071,127.0892363,학교,1,208.0
219,서울양진초등학교,37.54457086,127.0983071,학교,1,209.0
220,서울용곡초등학교,37.56711166,127.088448,학교,1,210.0
221,서울자양초등학교,37.53702922,127.0796145,학교,1,211.0
222,서울중광초등학교,37.56523806,127.0826979,학교,1,212.0
223,광남유치원,37.54162459,127.1006962,학교,1,213.0
224,광장유치원,37.54854303,127.1052306,학교,1,214.0
225,대원유치원,37.53452924,127.0756284,학교,1,215.0
226,동심유치원,37.55171624,127.0726777,학교,1,216.0
227,보성유치원,37.54377922,127.1044047,학교,1,217.0
228,선경유치원,37.53339559,127.0897857,학교,1,218.0
229,선양유치원,37.5541471,127.0712781,학교,1,219.0
230,선화유치원,37.54981673,127.086791,학교,1,220.0
231,성산유치원,37.5329108,127.0841796,학교,1,221.0
232,슬기유치원,37.55205092,127.0925717,학교,1,222.0
233,어린이회관유치원,37.54724593,127.0783008,학교,1,223.0
234,영화유치원,37.55405445,127.0977177,학교,1,224.0
235,인애유치원,37.53384131,127.0683389,학교,1,225.0
236,청구이화유치원,37.54316263,127.0956081,학교,1,226.0
237,프라임유치원,37.53875102,127.0984336,학교,1,227.0
238,서울광남초등학교,37.5405236,127.1004718,학교,1,228.0
239,서울광장초등학교,37.54855308,127.1018014,학교,1,229.0
240,서울광진초등학교,37.54749306,127.0916063,학교,1,230.0
241,서울구남초등학교,37.53705291,127.0920044,학교,1,231.0
242,서울동의초등학교,37.55369368,127.0988538,학교,1,232.0
243,서울동자초등학교,37.53506091,127.0721821,학교,1,233.0
244,서울성자초등학교,37.53149014,127.0834049,학교,1,234.0
245,서울용마초등학교,37.55782883,127.0835243,학교,1,235.0
246,서울장안초등학교,37.54987596,127.0724062,학교,1,236.0
247,서울중마초등학교,37.56610952,127.0800497,학교,1,237.0
248,경복초등학교,37.54981673,127.086791,학교,1,238.0
249,성동초등학교,37.53328356,127.0892779,학교,1,239.0
250,세종초등학교,37.5530063,127.0728767,학교,1,240.0
251,광남중학교,37.54082986,127.101645,학교,1,241.0
252,광양중학교,37.53088983,127.0861729,학교,1,242.0
253,광장중학교,37.54717545,127.1019311,학교,1,243.0
254,광진중학교,37.53221811,127.0901621,학교,1,244.0
255,구의중학교,37.54285301,127.0788414,학교,1,245.0
256,신양중학교,37.53364936,127.0634307,학교,1,246.0
257,양진중학교,37.54457086,127.0983071,학교,1,247.0
258,용곡중학교,37.5660884,127.0889585,학교,1,248.0
259,자양중학교,37.53573573,127.0743576,학교,1,249.0
260,건국대학교사범대학부속중학교,37.54172107,127.0815938,학교,1,250.0
261,대원국제중학교,37.56245138,127.0893763,학교,1,251.0
262,동국대학교사범대학부속여자중학교,37.54192495,127.0869777,학교,1,252.0
263,광남고등학교,37.54151142,127.1012181,학교,1,253.0
264,광양고등학교,37.52946823,127.0852738,학교,1,254.0
265,자양고등학교,37.53607913,127.073335,학교,1,255.0
266,건국대학교사범대학부속고등학교,37.53906339,127.0747125,학교,1,256.0
267,대원고등학교,37.56245138,127.0893763,학교,1,257.0
268,대원여자고등학교,37.56245138,127.0893763,학교,1,258.0
269,대원외국어고등학교,37.56245138,127.0893763,학교,1,259.0
270,동국대학교사범대학부속여자고등학교,37.54192495,127.0869777,학교,1,260.0
271,선화예술고등학교,37.55098142,127.0870937,학교,1,261.0
272,서울광진학교,37.53767127,127.0915669,학교,1,262.0
273,서울군자초등학교,37.56411786,127.0605257,학교,1,263.0
274,서울답십리초등학교,37.56880775,127.0554295,학교,1,264.0
275,서울이문유치원,37.60189723,127.0648873,학교,1,265.0
276,서울장평초등학교,37.57399071,127.0738963,학교,1,266.0
277,서울전곡초등학교,37.58070624,127.0560153,학교,1,267.0
278,서울전동초등학교,37.57908644,127.0608021,학교,1,268.0
279,서울홍파초등학교,37.58615862,127.0393703,학교,1,269.0
280,서울휘경유치원,37.58548918,127.0580724,학교,1,270.0
281,서울휘봉초등학교,37.58567402,127.070038,학교,1,271.0
282,경희유치원,37.59395157,127.0548858,학교,1,272.0
283,그림유치원,37.57006851,127.0598625,학교,1,273.0
284,동안유치원,37.59253452,127.05684,학교,1,274.0
285,라온유치원,37.57025771,127.057596,학교,1,275.0
286,사랑유치원,37.58803142,127.0492311,학교,1,276.0
287,산정현유치원,37.59267453,127.054064,학교,1,277.0
288,삼성유치원,37.57550163,127.0496959,학교,1,278.0
289,새소리유치원,37.57664142,127.0615347,학교,1,279.0
290,새일문유치원,37.57514455,127.0716631,학교,1,280.0
291,세하유치원,37.57108063,127.0750869,학교,1,281.0
292,소화유치원,37.58305721,127.0347227,학교,1,282.0
293,신동아유치원,37.573102,127.0315794,학교,1,283.0
294,아이비유치원,37.58323783,127.0719024,학교,1,284.0
295,예일유치원,37.57734884,127.0643901,학교,1,285.0
296,정원유치원,37.57900671,127.0758382,학교,1,286.0
297,젬마유치원,37.59297034,127.0595182,학교,1,287.0
298,파스텔유치원,37.57461194,127.0601337,학교,1,288.0
299,서울동답초등학교,37.57149823,127.0640331,학교,1,289.0
300,서울배봉초등학교,37.58008059,127.0668694,학교,1,290.0
301,서울신답초등학교,37.57270813,127.0429616,학교,1,291.0
302,서울안평초등학교,37.56599275,127.0720256,학교,1,292.0
303,서울용두초등학교,37.57640968,127.0283893,학교,1,293.0
304,서울이문초등학교,37.60189723,127.0648873,학교,1,294.0
305,서울전농초등학교,37.57489197,127.0545716,학교,1,295.0
306,서울종암초등학교,37.58230393,127.0318566,학교,1,296.0
307,서울청량초등학교,37.59231088,127.0559143,학교,1,297.0
308,서울홍릉초등학교,37.59068621,127.0477027,학교,1,298.0
309,서울휘경초등학교,37.58548918,127.0580724,학교,1,299.0
310,경희초등학교,37.59395157,127.0548858,학교,1,300.0
311,서울삼육초등학교,37.58969044,127.0482476,학교,1,301.0
312,은석초등학교,37.57855561,127.0757645,학교,1,302.0
313,동대문중학교,37.5743391,127.0519182,학교,1,303.0
314,성일중학교,37.58185174,127.0338551,학교,1,304.0
315,숭인중학교,37.57366173,127.0438891,학교,1,305.0
316,장평중학교,37.5668636,127.0704753,학교,1,306.0
317,전농중학교,37.58204781,127.0592818,학교,1,307.0
318,전동중학교,37.5861946,127.070926,학교,1,308.0
319,전일중학교,37.58250017,127.0583817,학교,1,309.0
320,청량중학교,37.58822281,127.0506214,학교,1,310.0
321,휘경중학교,37.5870952,127.0617434,학교,1,311.0
322,경희여자중학교,37.59395157,127.0548858,학교,1,312.0
323,경희중학교,37.59395157,127.0548858,학교,1,313.0
324,대광중학교,37.57795227,127.0253239,학교,1,314.0
325,동국대학교사범대학부속중학교,37.57801909,127.0751371,학교,1,315.0
326,정화여자중학교,37.58604628,127.0410701,학교,1,316.0
327,휘경여자중학교,37.58189616,127.0674356,학교,1,317.0
328,청량고등학교,37.58888614,127.051315,학교,1,318.0
329,휘경공업고등학교,37.58520116,127.069489,학교,1,319.0
330,휘봉고등학교,37.58620568,127.0688991,학교,1,320.0
331,경희고등학교,37.59395157,127.0548858,학교,1,321.0
332,경희여자고등학교,37.59395157,127.0548858,학교,1,322.0
333,대광고등학교,37.57795227,127.0253239,학교,1,323.0
334,동국대학교사범대학부속고등학교,37.57801909,127.0751371,학교,1,324.0
335,서울정화고등학교,37.58604628,127.0410701,학교,1,325.0
336,해성국제컨벤션고등학교,37.58187624,127.0569743,학교,1,326.0
337,해성여자고등학교,37.58187624,127.0569743,학교,1,327.0
338,휘경여자고등학교,37.58189616,127.0674356,학교,1,328.0
339,서울동원초등학교,37.60467124,127.1042879,학교,1,329.0
340,서울면동초등학교,37.58553908,127.0862422,학교,1,330.0
341,서울면목초등학교,37.5846791,127.093918,학교,1,331.0
342,서울면북초등학교,37.59442076,127.10355,학교,1,332.0
343,서울묵현초등학교,37.60920842,127.0733698,학교,1,333.0
344,서울봉화초등학교,37.61363561,127.092344,학교,1,334.0
345,서울새솔유치원,37.61761692,127.1099438,학교,1,335.0
346,서울신묵초등학교,37.60652462,127.0758381,학교,1,336.0
347,서울신현초등학교,37.60583064,127.0932655,학교,1,337.0
348,서울양원숲초등학교,37.60901259,127.1052553,학교,1,338.0
349,서울중곡초등학교,37.57489404,127.08344,학교,1,339.0
350,서울중랑초등학교,37.58966346,127.0755028,학교,1,340.0
351,서울중목초등학교,37.59019628,127.0791197,학교,1,341.0
352,서울중흥초등학교,37.60178739,127.0842318,학교,1,342.0
353,누리에유치원,37.58648512,127.0758025,학교,1,343.0
354,동성유치원,37.60980044,127.0962981,학교,1,344.0
355,동일유치원,37.57814724,127.0846569,학교,1,345.0
356,로뎅유치원,37.60199707,127.0845464,학교,1,346.0
357,봄내유치원,37.58597521,127.0855462,학교,1,347.0
358,새아랑유치원,37.61238498,127.0961083,학교,1,348.0
359,색동유치원,37.59167739,127.0783994,학교,1,349.0
360,솔방울유치원,37.5774118,127.0909379,학교,1,350.0
361,수산유치원,37.59762299,127.0759254,학교,1,351.0
362,영은유치원,37.61410311,127.0910358,학교,1,352.0
363,예원유치원,37.60597698,127.0947247,학교,1,353.0
364,윤경유치원,37.61726849,127.0855488,학교,1,354.0
365,은성유치원,37.59701311,127.0820707,학교,1,355.0
366,이루니유치원,37.60162926,127.0917649,학교,1,356.0
367,정암유치원,37.60115328,127.1037751,학교,1,357.0
368,진달래유치원,37.59873518,127.0868625,학교,1,358.0
369,서울망우초등학교,37.59873895,127.103838,학교,1,359.0
370,서울면남초등학교,37.57726046,127.0876678,학교,1,360.0
371,서울면일초등학교,37.59204051,127.0997964,학교,1,361.0
372,서울면중초등학교,37.5824376,127.0965492,학교,1,362.0
373,서울묵동초등학교,37.6033558,127.0808264,학교,1,363.0
374,서울상봉초등학교,37.59797674,127.0831687,학교,1,364.0
375,서울새솔초등학교,37.6179775,127.1111629,학교,1,365.0
376,서울신내초등학교,37.60493699,127.1001283,학교,1,366.0
377,서울원묵초등학교,37.6177468,127.0868116,학교,1,367.0
378,서울중화초등학교,37.60291743,127.0940709,학교,1,368.0
379,금성초등학교,37.61537366,127.0898763,학교,1,369.0
380,동원중학교,37.60381856,127.1094964,학교,1,370.0
381,면목중학교,37.58329266,127.0964257,학교,1,371.0
382,봉화중학교,37.59582318,127.1043145,학교,1,372.0
383,상봉중학교,37.60152654,127.090124,학교,1,373.0
384,신현중학교,37.60440291,127.0915613,학교,1,374.0
385,용마중학교,37.57451043,127.0862636,학교,1,375.0
386,원묵중학교,37.61756517,127.0842992,학교,1,376.0
387,장안중학교,37.6008961,127.0808453,학교,1,377.0
388,중랑중학교,37.60534683,127.0807906,학교,1,378.0
389,중화중학교,37.5845307,127.0945425,학교,1,379.0
390,태릉중학교,37.61253063,127.083432,학교,1,380.0
391,송곡여자중학교,37.60686599,127.1049752,학교,1,381.0
392,영란여자중학교,37.60312939,127.105337,학교,1,382.0
393,혜원여자중학교,37.59328096,127.0970412,학교,1,383.0
394,면목고등학교,37.58465968,127.0972697,학교,1,384.0
395,신현고등학교,37.60525159,127.0929554,학교,1,385.0
396,원묵고등학교,37.6152318,127.0855058,학교,1,386.0
397,중화고등학교,37.6048104,127.0836512,학교,1,387.0
398,태릉고등학교,37.6191493,127.0852426,학교,1,388.0
399,송곡고등학교,37.60584102,127.1064598,학교,1,389.0
400,송곡관광고등학교,37.60686599,127.1049752,학교,1,390.0
401,송곡여자고등학교,37.60686599,127.1049752,학교,1,391.0
402,이화여자대학교병설미디어고등학교,37.60312939,127.105337,학교,1,392.0
403,혜원여자고등학교,37.59328096,127.0970412,학교,1,393.0
404,서울길원초등학교,37.60901337,127.016889,학교,1,394.0
405,서울길음유치원,37.61363377,127.0166584,학교,1,395.0
406,서울돈암초등학교,37.59374525,127.0131037,학교,1,396.0
407,서울동신초등학교,37.58329007,127.0170571,학교,1,397.0
408,서울삼선초등학교,37.58713699,127.01267,학교,1,398.0
409,서울석관초등학교,37.61101794,127.0583512,학교,1,399.0
410,서울성북초등학교,37.59405723,126.998775,학교,1,400.0
411,서울숭곡초등학교,37.60843301,127.032821,학교,1,401.0
412,서울숭례초등학교,37.59452318,127.0352996,학교,1,402.0
413,서울장곡초등학교,37.61692858,127.0482068,학교,1,403.0
414,서울장월초등학교,37.62168537,127.0470022,학교,1,404.0
415,서울장위초등학교,37.61143774,127.0500097,학교,1,405.0
416,서울정덕초등학교,37.59823505,127.0134182,학교,1,406.0
417,서울좋은소리유치원,37.60838979,127.018834,학교,1,407.0
418,서울청덕초등학교,37.61202812,127.0003354,학교,1,408.0
419,개동유치원,37.61577016,127.0049294,학교,1,409.0
420,나래유치원,37.60953868,127.0226471,학교,1,410.0
421,덕수유치원,37.5940007,126.9952994,학교,1,411.0
422,동덕여자대학교부속유치원,37.60625339,127.044005,학교,1,412.0
423,동선유치원,37.58402945,127.0203762,학교,1,413.0
424,두산효자유치원,37.61376036,127.0689979,학교,1,414.0
425,루이유치원,37.60712597,127.0163815,학교,1,415.0
426,반디유치원,37.59447179,127.0127091,학교,1,416.0
427,새삼선유치원,37.58998242,127.0059971,학교,1,417.0
428,새싹유치원,37.60312806,127.0145428,학교,1,418.0
429,서울베네딕도유치원,37.59966053,127.0158002,학교,1,419.0
430,선한유치원,37.60398026,127.0205906,학교,1,420.0
431,성신유치원,37.5916838,127.0220085,학교,1,421.0
432,세아유치원,37.59447179,127.0127091,학교,1,422.0
433,신암유치원,37.58678846,127.0173395,학교,1,423.0
434,아랑유치원,37.59738311,127.0193181,학교,1,424.0
435,영광유치원,37.5966645,127.0228493,학교,1,425.0
436,영암유치원,37.58236978,127.0234322,학교,1,426.0
437,영재유치원,37.59743818,127.0347637,학교,1,427.0
438,영천유치원,37.61412697,127.0404836,학교,1,428.0
439,우촌유치원,37.59564123,127.0114027,학교,1,429.0
440,은영유치원,37.58462055,127.0166887,학교,1,430.0
441,은하유치원,37.60947975,127.0586764,학교,1,431.0
442,좋은나라유치원,37.60190281,127.0364162,학교,1,432.0
443,탑주유치원,37.60477892,127.0410679,학교,1,433.0
444,한마음유치원,37.6161871,127.0411934,학교,1,434.0
445,해뜨는유치원,37.60486787,127.0157204,학교,1,435.0
446,희망찬유치원,37.59899155,127.023136,학교,1,436.0
447,서울개운초등학교,37.60171315,127.0275625,학교,1,437.0
448,서울길음초등학교,37.61363377,127.0166584,학교,1,438.0
449,서울미아초등학교,37.61058463,127.0216481,학교,1,439.0
450,서울석계초등학교,37.60881038,127.0697277,학교,1,440.0
451,서울숭덕초등학교,37.6038204,127.0132879,학교,1,441.0
452,서울숭인초등학교,37.609162,127.0382368,학교,1,442.0
453,서울안암초등학교,37.58716134,127.0221015,학교,1,443.0
454,서울월곡초등학교,37.61002754,127.0460861,학교,1,444.0
455,서울일신초등학교,37.59881584,127.0401817,학교,1,445.0
456,서울정릉초등학교,37.61985445,127.0052376,학교,1,446.0
457,서울정수초등학교,37.60377376,127.0077165,학교,1,447.0
458,광운초등학교,37.61917179,127.0548956,학교,1,448.0
459,대광초등학교,37.57915322,127.0234515,학교,1,449.0
460,매원초등학교,37.59767038,127.0191897,학교,1,450.0
461,성신초등학교,37.59462141,127.0231251,학교,1,451.0
462,우촌초등학교,37.59564123,127.0114027,학교,1,452.0
463,서울대학교사범대학부설중학교,37.59581587,127.0391331,학교,1,453.0
464,개운중학교,37.59451878,127.0248816,학교,1,454.0
465,길음중학교,37.61421678,127.017421,학교,1,455.0
466,북악중학교,37.60701115,127.0016143,학교,1,456.0
467,삼선중학교,37.59176414,127.0078644,학교,1,457.0
468,석관중학교,37.60813785,127.0667121,학교,1,458.0
469,숭곡중학교,37.60847464,127.0313028,학교,1,459.0
470,월곡중학교,37.60698149,127.0482541,학교,1,460.0
471,장위중학교,37.61129157,127.0408371,학교,1,461.0
472,종암중학교,37.59334192,127.0318837,학교,1,462.0
473,고려대학교사범대학부속중학교,37.60784133,127.0028264,학교,1,463.0
474,고명중학교,37.59767038,127.0191897,학교,1,464.0
475,남대문중학교,37.61865649,127.0558083,학교,1,465.0
476,동구여자중학교,37.59410982,127.0082183,학교,1,466.0
477,성신여자중학교,37.59462141,127.0231251,학교,1,467.0
478,용문중학교,37.58868724,127.0246632,학교,1,468.0
479,한성여자중학교,37.58199871,127.0113112,학교,1,469.0
480,홍익대학교사범대학부속중학교,37.59366777,127.0028001,학교,1,470.0
481,서울대학교사범대학부설고등학교,37.59472635,127.0381166,학교,1,471.0
482,경동고등학교,37.58649744,127.0148524,학교,1,472.0
483,서울도시과학기술고등학교,37.60781312,127.0330442,학교,1,473.0
484,석관고등학교,37.60958857,127.0667166,학교,1,474.0
485,계성고등학교,37.60754668,127.0203854,학교,1,475.0
486,고려대학교사범대학부속고등학교,37.60784133,127.0028264,학교,1,476.0
487,고명외식고등학교,37.59767038,127.0191897,학교,1,477.0
488,대일외국어고등학교,37.61330669,127.0141708,학교,1,478.0
489,서울동구고등학교,37.59410982,127.0082183,학교,1,479.0
490,성신여자고등학교,37.59429108,127.0224047,학교,1,480.0
491,용문고등학교,37.58868724,127.0246632,학교,1,481.0
492,한성여자고등학교,37.58308353,127.0117384,학교,1,482.0
493,홍익대학교사범대학부속고등학교,37.59366777,127.0028001,학교,1,483.0
494,서울다원학교,37.59394011,126.9913595,학교,1,484.0
495,서울미양초등학교,37.62153282,127.0141303,학교,1,485.0
496,서울번동초등학교,37.62898151,127.0400437,학교,1,486.0
497,서울송천초등학교,37.61490883,127.0237323,학교,1,487.0
498,서울수송초등학교,37.6373302,127.0329343,학교,1,488.0
499,서울수유초등학교,37.63125217,127.02029,학교,1,489.0
500,서울우이유치원,37.63883283,127.0152278,학교,1,490.0
501,서울화계초등학교,37.62383375,127.029767,학교,1,491.0
502,길물빛유치원,37.64195194,127.0110961,학교,1,492.0
503,꿈동산유치원,37.63215749,127.0383601,학교,1,493.0
504,성실유치원,37.64259908,127.0195519,학교,1,494.0
505,성체유치원,37.64230469,127.0209949,학교,1,495.0
506,솔샘유치원,37.62166723,127.0129618,학교,1,496.0
507,유안유치원,37.64527164,127.0104856,학교,1,497.0
508,창문유치원,37.61340427,127.0358263,학교,1,498.0
509,하나유치원,37.64549,127.024293,학교,1,499.0
510,화계유치원,37.63464615,127.0188519,학교,1,500.0
511,서울삼각산초등학교,37.61623928,127.0146759,학교,1,501.0
512,서울삼양초등학교,37.62321655,127.0161472,학교,1,502.0
513,서울송중초등학교,37.61747273,127.0320018,학교,1,503.0
514,서울오현초등학교,37.62348461,127.0466507,학교,1,504.0
515,서울우이초등학교,37.63883283,127.0152278,학교,1,505.0
516,서울유현초등학교,37.63496637,127.0129447,학교,1,506.0
517,서울인수초등학교,37.64305277,127.0091326,학교,1,507.0
518,영훈초등학교,37.6146835,127.0280961,학교,1,508.0
519,강북중학교,37.64491781,127.0253686,학교,1,509.0
520,번동중학교,37.63260027,127.0363037,학교,1,510.0
521,삼각산중학교,37.61623928,127.0146759,학교,1,511.0
522,솔샘중학교,37.62333729,127.01226,학교,1,512.0
523,수송중학교,37.63686336,127.0342433,학교,1,513.0
524,수유중학교,37.63178409,127.0105962,학교,1,514.0
525,인수중학교,37.6439797,127.0100721,학교,1,515.0
526,화계중학교,37.63251555,127.0097142,학교,1,516.0
527,서라벌중학교,37.65699352,127.0114976,학교,1,517.0
528,성암여자중학교,37.62027139,127.0239002,학교,1,518.0
529,신일중학교,37.62796728,127.0283992,학교,1,519.0
530,영훈국제중학교,37.6146835,127.0280961,학교,1,520.0
531,창문여자중학교,37.61340427,127.0358263,학교,1,521.0
532,삼각산고등학교,37.61628448,127.0201123,학교,1,522.0
533,솔샘고등학교,37.62333729,127.01226,학교,1,523.0
534,혜화여자고등학교,37.63131037,127.0132083,학교,1,524.0
535,성암국제무역고등학교,37.62027139,127.0239002,학교,1,525.0
536,신일고등학교,37.62796728,127.0283992,학교,1,526.0
537,영훈고등학교,37.6146835,127.0280961,학교,1,527.0
538,창문여자고등학교,37.61281626,127.0355393,학교,1,528.0
539,서울정인학교,37.63095722,127.0119214,학교,1,529.0
540,서울애화학교,37.62506914,127.0287881,학교,1,530.0
541,서울효정학교,37.62712765,127.0162203,학교,1,531.0
542,한빛맹학교,37.6278893,127.0157118,학교,1,532.0
543,서울가인초등학교,37.65946907,127.0429499,학교,1,533.0
544,서울도봉초등학교,37.6799657,127.0382884,학교,1,534.0
545,서울마들유치원,37.6608664,127.0474996,학교,1,535.0
546,서울방학유치원,37.66102415,127.0358463,학교,1,536.0
547,서울숭미초등학교,37.65102098,127.0279407,학교,1,537.0
548,서울신창초등학교,37.63653978,127.042088,학교,1,538.0
549,서울신학초등학교,37.6612204,127.0257225,학교,1,539.0
550,서울쌍문초등학교,37.64835989,127.0242924,학교,1,540.0
551,서울오봉초등학교,37.67192683,127.0402964,학교,1,541.0
552,서울월천초등학교,37.64819677,127.0518427,학교,1,542.0
553,서울창동초등학교,37.65536664,127.0448385,학교,1,543.0
554,꿈밭유치원,37.65830759,127.0276079,학교,1,544.0
555,덕성여자대학교부속유치원,37.65247048,127.0158299,학교,1,545.0
556,삼풍유치원,37.65679699,127.0456702,학교,1,546.0
557,선희유치원,37.65757845,127.029884,학교,1,547.0
558,신창유치원,37.6413783,127.0409722,학교,1,548.0
559,유화유치원,37.65984716,127.0274631,학교,1,549.0
560,정의유치원,37.65335548,127.0324321,학교,1,550.0
561,청남학원부속보나유치원,37.65667272,127.0227558,학교,1,551.0
562,청아유치원,37.65888793,127.0490889,학교,1,552.0
563,한별유치원,37.64192185,127.0380078,학교,1,553.0
564,한사랑유치원,37.64787131,127.0483453,학교,1,554.0
565,햇살유치원,37.64922372,127.0252444,학교,1,555.0
566,행복한유치원,37.65917433,127.0322094,학교,1,556.0
567,서울누원초등학교,37.68725367,127.0492489,학교,1,557.0
568,서울방학초등학교,37.66393619,127.0327484,학교,1,558.0
569,서울백운초등학교,37.65264171,127.0136744,학교,1,559.0
570,서울신방학초등학교,37.66667991,127.0289156,학교,1,560.0
571,서울신화초등학교,37.63319618,127.0408846,학교,1,561.0
572,서울자운초등학교,37.65787689,127.0466197,학교,1,562.0
573,서울창경초등학교,37.65659892,127.0346001,학교,1,563.0
574,서울창도초등학교,37.66413849,127.048784,학교,1,564.0
575,서울창림초등학교,37.64323957,127.0416055,학교,1,565.0
576,서울창원초등학교,37.65264216,127.0399776,학교,1,566.0
577,서울창일초등학교,37.64768491,127.0475771,학교,1,567.0
578,서울초당초등학교,37.65863038,127.0219595,학교,1,568.0
579,동북초등학교,37.65645488,127.0269293,학교,1,569.0
580,한신초등학교,37.65335548,127.0324321,학교,1,570.0
581,노곡중학교,37.64879764,127.0537389,학교,1,571.0
582,도봉중학교,37.67088132,127.0458188,학교,1,572.0
583,방학중학교,37.66545245,127.0308585,학교,1,573.0
584,백운중학교,37.65650015,127.035746,학교,1,574.0
585,북서울중학교,37.68145497,127.0430421,학교,1,575.0
586,신도봉중학교,37.64963265,127.0333416,학교,1,576.0
587,신방학중학교,37.66413891,127.0289034,학교,1,577.0
588,창동중학교,37.66413849,127.048784,학교,1,578.0
589,창북중학교,37.64911882,127.038833,학교,1,579.0
590,창일중학교,37.64887041,127.0470973,학교,1,580.0
591,효문중학교,37.65269909,127.0183994,학교,1,581.0
592,선덕중학교,37.65645488,127.0269293,학교,1,582.0
593,정의여자중학교,37.65335548,127.0324321,학교,1,583.0
594,누원고등학교,37.6855652,127.049928,학교,1,584.0
595,서울문화고등학교,37.66413544,127.0472879,학교,1,585.0
596,자운고등학교,37.6593224,127.0504547,학교,1,586.0
597,창동고등학교,37.65103791,127.0388197,학교,1,587.0
598,효문고등학교,37.65269909,127.0183994,학교,1,588.0
599,서울외국어고등학교,37.64577933,127.0515108,학교,1,589.0
600,선덕고등학교,37.65645488,127.0269293,학교,1,590.0
601,세그루패션디자인고등학교,37.65645488,127.0269293,학교,1,591.0
602,정의여자고등학교,37.65335548,127.0324321,학교,1,592.0
603,서울도솔학교,37.69483026,127.0424282,학교,1,593.0
604,서울계상초등학교,37.6621976,127.0686775,학교,1,594.0
605,서울공릉초등학교,37.61861619,127.0746352,학교,1,595.0
606,서울공연초등학교,37.62754454,127.0745134,학교,1,596.0
607,서울노일유치원,37.67246109,127.0540284,학교,1,597.0
608,서울당현초등학교,37.64825671,127.0582106,학교,1,598.0
609,서울동일초등학교,37.66481247,127.0541707,학교,1,599.0
610,서울상경초등학교,37.67047795,127.0516731,학교,1,600.0
611,서울상계초등학교,37.65962148,127.0664996,학교,1,601.0
612,서울상곡초등학교,37.66290221,127.0620722,학교,1,602.0
613,서울상원초등학교,37.66804804,127.0599219,학교,1,603.0
614,서울수락산유치원,37.68082417,127.0542171,학교,1,604.0
615,서울수락초등학교,37.68449915,127.0551909,학교,1,605.0
616,서울수암초등학교,37.6476919,127.0814596,학교,1,606.0
617,서울신상계초등학교,37.66751583,127.0758316,학교,1,607.0
618,서울연지유치원,37.63303038,127.0606231,학교,1,608.0
619,서울연촌초등학교,37.6344128,127.0725135,학교,1,609.0
620,서울용동초등학교,37.64108048,127.0690768,학교,1,610.0
621,서울월계초등학교,37.62778747,127.0506176,학교,1,611.0
622,서울태랑초등학교,37.62620253,127.090832,학교,1,612.0
623,서울태릉초등학교,37.62310344,127.0850583,학교,1,613.0
624,고운유치원,37.64403699,127.0669323,학교,1,614.0
625,공릉,37.62980029,127.0726161,학교,1,615.0
626,까치유치원,37.6563467,127.0728532,학교,1,616.0
627,꽃동산유치원,37.63077523,127.0739975,학교,1,617.0
628,꿈동산아이유치원,37.67018679,127.054692,학교,1,618.0
629,꿈터유치원,37.67373485,127.0589547,학교,1,619.0
630,노원,37.62441856,127.0803636,학교,1,620.0
631,다연유치원,37.63175681,127.0523346,학교,1,621.0
632,동화나라유치원,37.66669461,127.0791289,학교,1,622.0
633,두솔유치원,37.6295459,127.054164,학교,1,623.0
634,무지개유치원,37.66459195,127.0787127,학교,1,624.0
635,미광유치원,37.62336899,127.082121,학교,1,625.0
636,보고유치원,37.61960201,127.0613922,학교,1,626.0
637,보배유치원,37.62860553,127.0627973,학교,1,627.0
638,산내들유치원,37.62636996,127.0821861,학교,1,628.0
639,삼육대학교부속유치원,37.64336047,127.1088554,학교,1,629.0
640,상원유치원,37.64454717,127.0687843,학교,1,630.0
641,서울여자대학교부속유치원,37.62737996,127.091622,학교,1,631.0
642,선덕유치원,37.63302802,127.0671491,학교,1,632.0
643,성희유치원,37.65081723,127.0561498,학교,1,633.0
644,아이디유치원,37.65916892,127.0571663,학교,1,634.0
645,연세유치원,37.63828198,127.0627099,학교,1,635.0
646,예진유치원,37.62791038,127.0683232,학교,1,636.0
647,온누리유치원,37.66691302,127.0543141,학교,1,637.0
648,우리유치원,37.65287078,127.0777241,학교,1,638.0
649,원암유치원,37.64981129,127.0851959,학교,1,639.0
650,육사유치원,37.62011857,127.0894107,학교,1,640.0
651,청원유치원,37.66524853,127.0625301,학교,1,641.0
652,초안유치원,37.63075599,127.0433064,학교,1,642.0
653,키즈위즈유치원,37.66109451,127.0785292,학교,1,643.0
654,풍천유치원,37.66116367,127.0609946,학교,1,644.0
655,하늘유치원,37.63581816,127.0520451,학교,1,645.0
656,학여울유치원,37.63795253,127.0598021,학교,1,646.0
657,한성유치원,37.64056696,127.0759724,학교,1,647.0
658,한양유치원,37.61872798,127.0670783,학교,1,648.0
659,효자유치원,37.62383675,127.0647829,학교,1,649.0
660,효천유치원,37.65136991,127.0782186,학교,1,650.0
661,서울노원초등학교,37.67359574,127.0584577,학교,1,651.0
662,서울노일초등학교,37.67375706,127.0549642,학교,1,652.0
663,서울녹천초등학교,37.62850894,127.0631157,학교,1,653.0
664,서울덕암초등학교,37.66647704,127.0812738,학교,1,654.0
665,서울불암초등학교,37.65078456,127.0805716,학교,1,655.0
666,서울상수초등학교,37.65110194,127.0647589,학교,1,656.0
667,서울상월초등학교,37.65862736,127.0570484,학교,1,657.0
668,서울상천초등학교,37.64628021,127.0578049,학교,1,658.0
669,서울선곡초등학교,37.61869042,127.0578015,학교,1,659.0
670,서울신계초등학교,37.6299408,127.0528448,학교,1,660.0
671,서울연지초등학교,37.63319291,127.0595334,학교,1,661.0
672,서울온곡초등학교,37.66767108,127.0657868,학교,1,662.0
673,서울용원초등학교,37.62992459,127.0689439,학교,1,663.0
674,서울원광초등학교,37.65440754,127.0749059,학교,1,664.0
675,서울을지초등학교,37.65039312,127.0731424,학교,1,665.0
676,서울중계초등학교,37.657846,127.0733106,학교,1,666.0
677,서울중원초등학교,37.64383271,127.0627536,학교,1,667.0
678,서울중평초등학교,37.63764381,127.0640436,학교,1,668.0
679,서울중현초등학교,37.63388336,127.0659261,학교,1,669.0
680,서울청계초등학교,37.64509411,127.0661599,학교,1,670.0
681,서울한천초등학교,37.62070929,127.0692399,학교,1,671.0
682,상명초등학교,37.64872263,127.0669644,학교,1,672.0
683,청원초등학교,37.66524853,127.0625301,학교,1,673.0
684,태강삼육초등학교,37.64336047,127.1088554,학교,1,674.0
685,화랑초등학교,37.62737996,127.091622,학교,1,675.0
686,공릉중학교,37.6223899,127.0836737,학교,1,676.0
687,노원중학교,37.64939481,127.0596921,학교,1,677.0
688,노일중학교,37.67228882,127.0538945,학교,1,678.0
689,녹천중학교,37.63108397,127.0617352,학교,1,679.0
690,불암중학교,37.64589149,127.0735949,학교,1,680.0
691,상경중학교,37.66715147,127.0537103,학교,1,681.0
692,상계제일중학교,37.66107295,127.0780761,학교,1,682.0
693,상계중학교,37.65240486,127.0688677,학교,1,683.0
694,상원중학교,37.67160342,127.0594577,학교,1,684.0
695,수락중학교,37.6744874,127.0584124,학교,1,685.0
696,신상중학교,37.65190678,127.0639895,학교,1,686.0
697,신창중학교,37.62855514,127.047481,학교,1,687.0
698,온곡중학교,37.66057746,127.0643342,학교,1,688.0
699,월계중학교,37.63113497,127.0523198,학교,1,689.0
700,을지중학교,37.6497872,127.0717107,학교,1,690.0
701,중계중학교,37.65548304,127.0753232,학교,1,691.0
702,중원중학교,37.64424369,127.0680062,학교,1,692.0
703,중평중학교,37.63697255,127.0623411,학교,1,693.0
704,태랑중학교,37.6268554,127.0913679,학교,1,694.0
705,하계중학교,37.64136742,127.0723366,학교,1,695.0
706,한천중학교,37.63126027,127.0726546,학교,1,696.0
707,광운중학교,37.61923906,127.0565486,학교,1,697.0
708,상명중학교,37.64937107,127.0680669,학교,1,698.0
709,염광중학교,37.63211482,127.0517498,학교,1,699.0
710,재현중학교,37.66132097,127.0809973,학교,1,700.0
711,청원중학교,37.66524853,127.0625301,학교,1,701.0
712,경기기계공업고등학교,37.63224223,127.074931,학교,1,702.0
713,노원고등학교,37.66180178,127.0540161,학교,1,703.0
714,불암고등학교,37.64916064,127.0803083,학교,1,704.0
715,상계고등학교,37.65272188,127.0554571,학교,1,705.0
716,수락고등학교,37.68290935,127.0535671,학교,1,706.0
717,월계고등학교,37.63182952,127.0490481,학교,1,707.0
718,광운인공지능고등학교,37.61923906,127.0565486,학교,1,708.0
719,대진고등학교,37.63781067,127.0760858,학교,1,709.0
720,대진여자고등학교,37.6461205,127.0672009,학교,1,710.0
721,미래산업과학고등학교,37.65877819,127.0784445,학교,1,711.0
722,상명고등학교,37.64937107,127.0680669,학교,1,712.0
723,서라벌고등학교,37.64520561,127.0757564,학교,1,713.0
724,서울동산고등학교,37.63077523,127.0739975,학교,1,714.0
725,서울아이티고등학교,37.64241571,127.0624541,학교,1,715.0
726,염광고등학교,37.63028144,127.0492604,학교,1,716.0
727,염광메디텍고등학교,37.63028144,127.0492604,학교,1,717.0
728,영신간호비즈니스고등학교,37.65231911,127.0832499,학교,1,718.0
729,영신여자고등학교,37.65231911,127.0832499,학교,1,719.0
730,용화여자고등학교,37.65913273,127.0582774,학교,1,720.0
731,인덕과학기술고등학교,37.63034155,127.0545051,학교,1,721.0
732,재현고등학교,37.66132097,127.0809973,학교,1,722.0
733,청원고등학교,37.66524853,127.0625301,학교,1,723.0
734,청원여자고등학교,37.66524853,127.0625301,학교,1,724.0
735,한국삼육고등학교,37.64336047,127.1088554,학교,1,725.0
736,혜성여자고등학교,37.6405485,127.0736158,학교,1,726.0
737,서울정민학교,37.63389532,127.0731658,학교,1,727.0
738,서울동천학교,37.64450762,127.0729208,학교,1,728.0
739,청암예술학교,37.65177735,127.0738618,학교,1,729.0
740,서울구현초등학교,37.60994763,126.9058578,학교,1,730.0
741,서울북한산유치원,37.63218806,126.928803,학교,1,731.0
742,서울불광초등학교,37.61342791,126.9307142,학교,1,732.0
743,서울산울림유치원,37.6480734,126.9298217,학교,1,733.0
744,서울서신초등학교,37.59229253,126.9073843,학교,1,734.0
745,서울수색초등학교,37.58516776,126.8960074,학교,1,735.0
746,서울신도초등학교,37.63281298,126.9291566,학교,1,736.0
747,서울어울초등학교,37.60656525,126.9350594,학교,1,737.0
748,서울역촌유치원,37.60421976,126.918875,학교,1,738.0
749,서울연광초등학교,37.62364687,126.923907,학교,1,739.0
750,서울연신초등학교,37.62606049,126.9277466,학교,1,740.0
751,서울연은초등학교,37.59064182,126.9248687,학교,1,741.0
752,서울연천초등학교,37.6213498,126.9299212,학교,1,742.0
753,서울은명초등학교,37.59774954,126.9178021,학교,1,743.0
754,서울은빛유치원,37.64282355,126.9202654,학교,1,744.0
755,서울은평초등학교,37.60230312,126.9340329,학교,1,745.0
756,서울응암초등학교,37.58875602,126.9216122,학교,1,746.0
757,서울진관유치원,37.6347125,126.9309648,학교,1,747.0
758,녹번유치원,37.59983452,126.9300705,학교,1,748.0
759,다우림명문유치원,37.64432467,126.9248103,학교,1,749.0
760,동산유치원,37.58176799,126.9044131,학교,1,750.0
761,바다의별유치원,37.61542351,126.9262228,학교,1,751.0
762,백합유치원,37.60819743,126.9173565,학교,1,752.0
763,새보람유치원,37.61630153,126.9326327,학교,1,753.0
764,선일유치원,37.62030306,126.9119931,학교,1,754.0
765,성균관유치원,37.61830326,126.9169496,학교,1,755.0
766,성아유치원,37.58989182,126.9196935,학교,1,756.0
767,숲유치원,37.63472655,126.9216061,학교,1,757.0
768,와우랩유치원,37.59402668,126.9215702,학교,1,758.0
769,유정유치원,37.60667044,126.9267675,학교,1,759.0
770,은평국제유치원,37.5989618,126.9114656,학교,1,760.0
771,은평하랑유치원,37.6002601,126.9303022,학교,1,761.0
772,은혜유치원,37.61775888,126.9274013,학교,1,762.0
773,자연유치원,37.60315416,126.9374862,학교,1,763.0
774,충암유치원,37.58464007,126.9218073,학교,1,764.0
775,효림유치원,37.58683635,126.8990852,학교,1,765.0
776,서울갈현초등학교,37.61977847,126.9166791,학교,1,766.0
777,서울구산초등학교,37.6127463,126.9093734,학교,1,767.0
778,서울녹번초등학교,37.60457975,126.9257443,학교,1,768.0
779,서울대은초등학교,37.61236581,126.9258703,학교,1,769.0
780,서울대조초등학교,37.61357641,126.9193061,학교,1,770.0
781,서울북한산초등학교,37.65362869,126.9504583,학교,1,771.0
782,서울상신초등학교,37.59755582,126.9046009,학교,1,772.0
783,서울수리초등학교,37.62027895,126.9340598,학교,1,773.0
784,서울신사초등학교,37.59283055,126.9119851,학교,1,774.0
785,서울역촌초등학교,37.60157945,126.9139303,학교,1,775.0
786,서울은빛초등학교,37.64265952,126.9190781,학교,1,776.0
787,서울은진초등학교,37.63319564,126.9207105,학교,1,777.0
788,서울증산초등학교,37.58263904,126.9040946,학교,1,778.0
789,서울진관초등학교,37.64509393,126.9291505,학교,1,779.0
790,선일초등학교,37.62030306,126.9119931,학교,1,780.0
791,예일초등학교,37.61094907,126.9147909,학교,1,781.0
792,충암초등학교,37.58464007,126.9218073,학교,1,782.0
793,구산중학교,37.60987303,126.9094833,학교,1,783.0
794,덕산중학교,37.60225993,126.9046792,학교,1,784.0
795,불광중학교,37.62290144,126.9321193,학교,1,785.0
796,상신중학교,37.58978779,126.9064244,학교,1,786.0
797,신도중학교,37.63280134,126.9308562,학교,1,787.0
798,연서중학교,37.58702092,126.9092728,학교,1,788.0
799,연신중학교,37.62354226,126.9242937,학교,1,789.0
800,연천중학교,37.62754773,126.9258221,학교,1,790.0
801,은평중학교,37.61063745,126.9083508,학교,1,791.0
802,증산중학교,37.5838182,126.9049379,학교,1,792.0
803,진관중학교,37.64425194,126.9257292,학교,1,793.0
804,대성중학교,37.62313899,126.9097882,학교,1,794.0
805,선일여자중학교,37.62030306,126.9119931,학교,1,795.0
806,선정중학교,37.61870801,126.9090372,학교,1,796.0
807,숭실중학교,37.59321935,126.9023884,학교,1,797.0
808,영락중학교,37.59696095,126.9251856,학교,1,798.0
809,예일여자중학교,37.61094907,126.9147909,학교,1,799.0
810,충암중학교,37.58464007,126.9218073,학교,1,800.0
811,신도고등학교,37.62913212,126.9187526,학교,1,801.0
812,은평고등학교,37.60936435,126.9061155,학교,1,802.0
813,진관고등학교,37.64333866,126.9243826,학교,1,803.0
814,대성고등학교,37.62313899,126.9097882,학교,1,804.0
815,동명생활경영고등학교,37.61441939,126.9228165,학교,1,805.0
816,동명여자고등학교,37.61441939,126.9228165,학교,1,806.0
817,선일빅데이터고등학교,37.62030306,126.9119931,학교,1,807.0
818,선일여자고등학교,37.62030306,126.9119931,학교,1,808.0
819,선정고등학교,37.61870801,126.9090372,학교,1,809.0
820,선정국제관광고등학교,37.61870801,126.9090372,학교,1,810.0
821,세명컴퓨터고등학교,37.62771351,126.923248,학교,1,811.0
822,숭실고등학교,37.59321935,126.9023884,학교,1,812.0
823,신진과학기술고등학교,37.59871415,126.9188414,학교,1,813.0
824,예일디자인고등학교,37.61094907,126.9147909,학교,1,814.0
825,예일여자고등학교,37.61094907,126.9147909,학교,1,815.0
826,은평메디텍고등학교,37.63534988,126.9297094,학교,1,816.0
827,충암고등학교,37.58464007,126.9218073,학교,1,817.0
828,하나고등학교,37.64154287,126.9370197,학교,1,818.0
829,은평대영학교,37.60564517,126.9063398,학교,1,819.0
830,서울가재울초등학교,37.57369417,126.918048,학교,1,820.0
831,서울금화초등학교,37.56875346,126.9629462,학교,1,821.0
832,서울북성유치원,37.55947785,126.9512694,학교,1,822.0
833,서울인왕초등학교,37.5902178,126.9448035,학교,1,823.0
834,서울홍제초등학교,37.59345736,126.9453467,학교,1,824.0
835,경복유치원,37.59592001,126.945663,학교,1,825.0
836,명지전문대학부속명지유치원,37.58366511,126.926554,학교,1,826.0
837,벧엘유치원,37.566156,126.9323063,학교,1,827.0
838,새나유치원,37.57567504,126.9208496,학교,1,828.0
839,신촌유치원,37.55738112,126.9314467,학교,1,829.0
840,신현유치원,37.55865703,126.9471157,학교,1,830.0
841,연유치원,37.58187656,126.9240775,학교,1,831.0
842,이화여자대학교사범대학부속이화유치원,37.56428999,126.9503191,학교,1,832.0
843,한양제일유치원,37.58327446,126.9472338,학교,1,833.0
844,해맑은유치원,37.57740057,126.9056657,학교,1,834.0
845,현대경복유치원,37.58631328,126.9515502,학교,1,835.0
846,현대홍익유치원,37.58405884,126.9432486,학교,1,836.0
847,홍제성당유치원,37.59011749,126.9436613,학교,1,837.0
848,서울고은초등학교,37.58500237,126.9439713,학교,1,838.0
849,서울대신초등학교,37.55793543,126.9480426,학교,1,839.0
850,서울미동초등학교,37.56337107,126.9656694,학교,1,840.0
851,서울북가좌초등학교,37.57722184,126.9077741,학교,1,841.0
852,서울북성초등학교,37.55963603,126.9518331,학교,1,842.0
853,서울안산초등학교,37.57916485,126.9522051,학교,1,843.0
854,서울연가초등학교,37.57956235,126.9173292,학교,1,844.0
855,서울연희초등학교,37.5690469,126.9341442,학교,1,845.0
856,서울창서초등학교,37.55814739,126.9334843,학교,1,846.0
857,서울홍연초등학교,37.58211654,126.9306634,학교,1,847.0
858,서울홍은초등학교,37.59753962,126.9494564,학교,1,848.0
859,경기초등학교,37.56512963,126.9627586,학교,1,849.0
860,명지초등학교,37.58362626,126.9282303,학교,1,850.0
861,이화여자대학교사범대학부속초등학교,37.56119692,126.94296,학교,1,851.0
862,추계초등학교,37.56316079,126.9540589,학교,1,852.0
863,가재울중학교,37.5750883,126.9099335,학교,1,853.0
864,서연중학교,37.56801216,126.9273331,학교,1,854.0
865,신연중학교,37.58278505,126.9398587,학교,1,855.0
866,연북중학교,37.5775722,126.9383136,학교,1,856.0
867,연희중학교,37.57958472,126.9187894,학교,1,857.0
868,인왕중학교,37.59288122,126.9514808,학교,1,858.0
869,홍은중학교,37.59189368,126.9357551,학교,1,859.0
870,동명여자중학교,37.56864018,126.9623591,학교,1,860.0
871,명지중학교,37.58491341,126.9270909,학교,1,861.0
872,이화여자대학교사범대학부속이화금란중학교,37.56254444,126.9445256,학교,1,862.0
873,인창중학교,37.56488839,126.9640184,학교,1,863.0
874,정원여자중학교,37.58505075,126.9333049,학교,1,864.0
875,중앙여자중학교,37.56316079,126.9540589,학교,1,865.0
876,한성중학교,37.55909159,126.9544553,학교,1,866.0
877,가재울고등학교,37.57436371,126.9095252,학교,1,867.0
878,한성과학고등학교,37.57543602,126.9523705,학교,1,868.0
879,명지고등학교,37.58491341,126.9270909,학교,1,869.0
880,이화여자대학교사범대학부속이화금란고등학교,37.56639011,126.9473579,학교,1,870.0
881,인창고등학교,37.56488839,126.9640184,학교,1,871.0
882,중앙여자고등학교,37.56316079,126.9540589,학교,1,872.0
883,한성고등학교,37.55909159,126.9544553,학교,1,873.0
884,연세대학교재활학교,37.563094,126.93184,학교,1,874.0
885,서울공덕초등학교,37.54580446,126.9548217,학교,1,875.0
886,서울동교초등학교,37.5586197,126.9023975,학교,1,876.0
887,서울마포초등학교,37.53854429,126.9499894,학교,1,877.0
888,서울상암초등학교,37.57638169,126.8920501,학교,1,878.0
889,서울상지초등학교,37.57983564,126.8818436,학교,1,879.0
890,서울성산초등학교,37.55325687,126.9109868,학교,1,880.0
891,서울성서초등학교,37.56059977,126.9109253,학교,1,881.0
892,서울소의초등학교,37.5527849,126.9606547,학교,1,882.0
893,서울용강초등학교,37.54910565,126.9440472,학교,1,883.0
894,서울중동초등학교,37.56641032,126.9117804,학교,1,884.0
895,서울창천초등학교,37.55487541,126.9393596,학교,1,885.0
896,서울하늘초등학교,37.58580918,126.8808599,학교,1,886.0
897,서울한서초등학교,37.55364389,126.9497779,학교,1,887.0
898,나사렛유치원,37.57437486,126.890393,학교,1,888.0
899,대진유치원,37.5622,126.9164144,학교,1,889.0
900,돌샘유치원,37.54266721,126.9556576,학교,1,890.0
901,마포대진유치원,37.56183913,126.9193172,학교,1,891.0
902,배영유치원,37.55259102,126.9199259,학교,1,892.0
903,삼성그린유치원,37.53950462,126.9515941,학교,1,893.0
904,새현대유치원,37.53990174,126.9557414,학교,1,894.0
905,서일유치원,37.56744943,126.9081883,학교,1,895.0
906,성결유치원,37.54635135,126.9373301,학교,1,896.0
907,성산아트유치원,37.56534892,126.9090452,학교,1,897.0
908,월드유치원,37.58040568,126.8811445,학교,1,898.0
909,정님유치원,37.54994222,126.9469213,학교,1,899.0
910,태영유치원,37.54386479,126.9423897,학교,1,900.0
911,홍익대학교사범대학부속유치원,37.5635137,126.9191685,학교,1,901.0
912,서울망원초등학교,37.5608932,126.9007682,학교,1,902.0
913,서울서강초등학교,37.54810946,126.9274709,학교,1,903.0
914,서울서교초등학교,37.55488418,126.9243747,학교,1,904.0
915,서울성원초등학교,37.56697919,126.9050822,학교,1,905.0
916,서울신북초등학교,37.57110852,126.9053615,학교,1,906.0
917,서울신석초등학교,37.54453524,126.9377745,학교,1,907.0
918,서울아현초등학교,37.55558695,126.9565414,학교,1,908.0
919,서울염리초등학교,37.54276155,126.9459811,학교,1,909.0
920,홍익대학교사범대학부속초등학교,37.55950336,126.9131937,학교,1,910.0
921,상암중학교,37.57906054,126.8875498,학교,1,911.0
922,서울여자중학교,37.5477808,126.9490679,학교,1,912.0
923,성사중학교,37.56809457,126.9126841,학교,1,913.0
924,성산중학교,37.54731619,126.9165617,학교,1,914.0
925,성서중학교,37.56275294,126.9079624,학교,1,915.0
926,신수중학교,37.54592612,126.9341336,학교,1,916.0
927,아현중학교,37.55639749,126.9564962,학교,1,917.0
928,중암중학교,37.57226345,126.9035899,학교,1,918.0
929,창천중학교,37.55487541,126.9393596,학교,1,919.0
930,경성중학교,37.5635137,126.9191685,학교,1,920.0
931,광성중학교,37.54869987,126.9359727,학교,1,921.0
932,동도중학교,37.54666743,126.948495,학교,1,922.0
933,숭문중학교,37.55088702,126.945765,학교,1,923.0
934,홍익대학교사범대학부속여자중학교,37.55950336,126.9131937,학교,1,924.0
935,상암고등학교,37.58133701,126.8833949,학교,1,925.0
936,서울여자고등학교,37.5477808,126.9490679,학교,1,926.0
937,경성고등학교,37.5635137,126.9191685,학교,1,927.0
938,광성고등학교,37.54869987,126.9359727,학교,1,928.0
939,서울디자인고등학교,37.54666743,126.948495,학교,1,929.0
940,숭문고등학교,37.55088702,126.945765,학교,1,930.0
941,한세사이버보안고등학교,37.55183488,126.9520441,학교,1,931.0
942,홍익대학교사범대학부속여자고등학교,37.55950336,126.9131937,학교,1,932.0
943,홍익디자인고등학교,37.5635137,126.9191685,학교,1,933.0
944,한국우진학교,37.5711215,126.9038444,학교,1,934.0
945,서울강신초등학교,37.54209903,126.8295847,학교,1,935.0
946,서울강월초등학교,37.51634045,126.8334368,학교,1,936.0
947,서울경인유치원,37.53287402,126.885701,학교,1,937.0
948,서울서정초등학교,37.52345385,126.8672311,학교,1,938.0
949,서울신기초등학교,37.51127242,126.8542036,학교,1,939.0
950,서울신원초등학교,37.52951431,126.8298604,학교,1,940.0
951,서울신은초등학교,37.51401018,126.8319573,학교,1,941.0
952,서울신정유치원,37.51358258,126.8333666,학교,1,942.0
953,서울양동초등학교,37.52584954,126.8512431,학교,1,943.0
954,서울양목초등학교,37.52416519,126.8615525,학교,1,944.0
955,서울양화초등학교,37.5436656,126.8739869,학교,1,945.0
956,서울영도초등학교,37.53595124,126.8719416,학교,1,946.0
957,서울월촌초등학교,37.54069579,126.8762607,학교,1,947.0
958,서울장수초등학교,37.51291392,126.8451068,학교,1,948.0
959,경성유치원,37.50945706,126.8621602,학교,1,949.0
960,계상유치원,37.51251109,126.8398533,학교,1,950.0
961,광영유치원,37.53719789,126.8232796,학교,1,951.0
962,꿈꾸는유치원,37.520867,126.8401879,학교,1,952.0
963,꿈나무유치원,37.52233975,126.8675647,학교,1,953.0
964,동연유치원,37.54886767,126.8677071,학교,1,954.0
965,등대유치원,37.52213093,126.8777946,학교,1,955.0
966,등촌유치원,37.54657037,126.864924,학교,1,956.0
967,목동다솜유치원,37.52424095,126.8387668,학교,1,957.0
968,목동유치원,37.52437193,126.8605651,학교,1,958.0
969,목성유치원,37.513188,126.861175,학교,1,959.0
970,빛나유치원,37.52924626,126.8670983,학교,1,960.0
971,새서울유치원,37.519384,126.862271,학교,1,961.0
972,샘터유치원,37.51840277,126.8351581,학교,1,962.0
973,세신유치원,37.51768655,126.8568658,학교,1,963.0
974,세화유치원,37.514363,126.875013,학교,1,964.0
975,신목유치원,37.54637774,126.8702117,학교,1,965.0
976,신예유치원,37.51231935,126.8534524,학교,1,966.0
977,아란유치원,37.534612,126.871471,학교,1,967.0
978,어린이의정원유치원,37.507148,126.864655,학교,1,968.0
979,원일유치원,37.533907,126.882058,학교,1,969.0
980,튼튼유치원,37.52603299,126.8571572,학교,1,970.0
981,한서유치원,37.533577,126.885657,학교,1,971.0
982,해림유치원,37.540305,126.88199,학교,1,972.0
983,서울갈산초등학교,37.51237267,126.8702262,학교,1,973.0
984,서울강서초등학교,37.52241564,126.8409898,학교,1,974.0
985,서울경인초등학교,37.53287402,126.885701,학교,1,975.0
986,서울계남초등학교,37.51016621,126.8600117,학교,1,976.0
987,서울남명초등학교,37.51568653,126.8541023,학교,1,977.0
988,서울목동초등학교,37.52279785,126.8721282,학교,1,978.0
989,서울목운초등학교,37.52700548,126.8730492,학교,1,979.0
990,서울목원초등학교,37.5429014,126.8827116,학교,1,980.0
991,서울신강초등학교,37.52584302,126.8422605,학교,1,981.0
992,서울신남초등학교,37.516524,126.8447911,학교,1,982.0
993,서울신목초등학교,37.51661258,126.8726397,학교,1,983.0
994,서울신서초등학교,37.52053206,126.8622864,학교,1,984.0
995,서울양강초등학교,37.52436695,126.8479624,학교,1,985.0
996,서울양명초등학교,37.51637783,126.8566369,학교,1,986.0
997,서울양원초등학교,37.53821432,126.8231052,학교,1,987.0
998,서울은정초등학교,37.50945706,126.8621602,학교,1,988.0
999,서울정목초등학교,37.53652791,126.8700547,학교,1,989.0
1000,서울지향초등학교,37.51283467,126.8370204,학교,1,990.0
1001,강신중학교,37.51513452,126.8381612,학교,1,991.0
1002,금옥중학교,37.51096559,126.8439718,학교,1,992.0
1003,목동중학교,37.52095319,126.8714432,학교,1,993.0
1004,목운중학교,37.52700548,126.8730492,학교,1,994.0
1005,목일중학교,37.51321974,126.8740141,학교,1,995.0
1006,신남중학교,37.52077047,126.8478253,학교,1,996.0
1007,신목중학교,37.53702521,126.8730683,학교,1,997.0
1008,신서중학교,37.51596568,126.8550143,학교,1,998.0
1009,신원중학교,37.5370963,126.8248426,학교,1,999.0
1010,신월중학교,37.54046532,126.8283882,학교,1,1000.0
1011,신화중학교,37.54105904,126.8301102,학교,1,1001.0
1012,양강중학교,37.52490577,126.8496285,학교,1,1002.0
1013,양동중학교,37.54837281,126.8687218,학교,1,1003.0
1014,양서중학교,37.53264159,126.8290196,학교,1,1004.0
1015,양천중학교,37.51899709,126.8305561,학교,1,1005.0
1016,월촌중학교,37.53706317,126.8827647,학교,1,1006.0
1017,봉영여자중학교,37.50921288,126.8601958,학교,1,1007.0
1018,양정중학교,37.53538904,126.8877342,학교,1,1008.0
1019,영도중학교,37.53631568,126.8657695,학교,1,1009.0
1020,금옥여자고등학교,37.51096559,126.8439718,학교,1,1010.0
1021,서울금융고등학교,37.53744685,126.8256631,학교,1,1011.0
1022,신목고등학교,37.51290955,126.8736115,학교,1,1012.0
1023,신서고등학교,37.52388272,126.8602897,학교,1,1013.0
1024,강서고등학교,37.53631568,126.8657695,학교,1,1014.0
1025,광영고등학교,37.53719789,126.8232796,학교,1,1015.0
1026,광영여자고등학교,37.53719789,126.8232796,학교,1,1016.0
1027,대일관광고등학교,37.51141723,126.8349046,학교,1,1017.0
1028,목동고등학교,37.50921288,126.8601958,학교,1,1018.0
1029,백암고등학교,37.51225052,126.8445289,학교,1,1019.0
1030,서울영상고등학교,37.52330613,126.8602985,학교,1,1020.0
1031,양정고등학교,37.53538904,126.8877342,학교,1,1021.0
1032,양천고등학교,37.50831953,126.8452002,학교,1,1022.0
1033,진명여자고등학교,37.52406887,126.8655927,학교,1,1023.0
1034,한가람고등학교,37.5374088,126.8840608,학교,1,1024.0
1035,서울가양초등학교,37.56221372,126.8585183,학교,1,1025.0
1036,서울개화초등학교,37.57394416,126.804646,학교,1,1026.0
1037,서울공진초등학교,37.55780837,126.8227635,학교,1,1027.0
1038,서울공항초등학교,37.56311966,126.8213783,학교,1,1028.0
1039,서울금낭화유치원,37.56861659,126.8115455,학교,1,1029.0
1040,서울내발산초등학교,37.55087862,126.8381617,학교,1,1030.0
1041,서울등명초등학교,37.5608945,126.8423867,학교,1,1031.0
1042,서울등촌초등학교,37.54761135,126.8579372,학교,1,1032.0
1043,서울마곡유치원,37.56926731,126.8180328,학교,1,1033.0
1044,서울송정초등학교,37.56223355,126.8102772,학교,1,1034.0
1045,서울수명유치원,37.55238637,126.8229845,학교,1,1035.0
1046,서울신곡초등학교,37.53909593,126.8560076,학교,1,1036.0
1047,서울신월초등학교,37.54036725,126.8394562,학교,1,1037.0
1048,서울염경초등학교,37.55513678,126.8712567,학교,1,1038.0
1049,서울월정초등학교,37.53499301,126.8362921,학교,1,1039.0
1050,서울정곡초등학교,37.57696205,126.8189302,학교,1,1040.0
1051,서울탑산초등학교,37.56708367,126.852456,학교,1,1041.0
1052,서울화일초등학교,37.540716,126.8474736,학교,1,1042.0
1053,강서유치원,37.54821068,126.8500517,학교,1,1043.0
1054,공항제일유치원,37.56523794,126.810671,학교,1,1044.0
1055,국제유치원,37.57051474,126.8229486,학교,1,1045.0
1056,나나유치원,37.53590986,126.8573122,학교,1,1046.0
1057,대유유치원,37.53400494,126.8615955,학교,1,1047.0
1058,동그라미유치원,37.55011222,126.8491624,학교,1,1048.0
1059,등촌제일유치원,37.55546417,126.8593681,학교,1,1049.0
1060,등현유치원,37.56145903,126.848524,학교,1,1050.0
1061,미도유치원,37.55046988,126.8609719,학교,1,1051.0
1062,미래유치원,37.57102456,126.8064019,학교,1,1052.0
1063,방화이화유치원,37.57408775,126.8135303,학교,1,1053.0
1064,보라유치원,37.56361949,126.8473929,학교,1,1054.0
1065,선미유치원,37.53932697,126.8436364,학교,1,1055.0
1066,신세기유치원,37.57102669,126.8465431,학교,1,1056.0
1067,신영유치원,37.53098389,126.8492298,학교,1,1057.0
1068,아람유치원,37.57941245,126.8125968,학교,1,1058.0
1069,아이파크예원유치원,37.54826631,126.8409862,학교,1,1059.0
1070,우람유치원,37.5748797,126.8143329,학교,1,1060.0
1071,우리곰유치원,37.57121415,126.8435969,학교,1,1061.0
1072,우일유치원,37.53522317,126.855252,학교,1,1062.0
1073,우현유치원,37.55707689,126.8380769,학교,1,1063.0
1074,유니유치원,37.56376191,126.859287,학교,1,1064.0
1075,윤서유치원,37.54724319,126.832243,학교,1,1065.0
1076,이솔유치원,37.53126507,126.8522011,학교,1,1066.0
1077,장미유치원,37.56461581,126.8562744,학교,1,1067.0
1078,한나유치원,37.57680324,126.8102835,학교,1,1068.0
1079,해리유치원,37.55855725,126.8633729,학교,1,1069.0
1080,홍신유치원,37.54811129,126.8325576,학교,1,1070.0
1081,서울가곡초등학교,37.55570595,126.8361063,학교,1,1071.0
1082,서울등마초등학교,37.54204287,126.8616658,학교,1,1072.0
1083,서울등서초등학교,37.55188129,126.8550428,학교,1,1073.0
1084,서울등양초등학교,37.56494531,126.8447577,학교,1,1074.0
1085,서울등원초등학교,37.55981614,126.850066,학교,1,1075.0
1086,서울등현초등학교,37.56137835,126.8476424,학교,1,1076.0
1087,서울발산초등학교,37.550148,126.8307718,학교,1,1077.0
1088,서울방화초등학교,37.56870201,126.807503,학교,1,1078.0
1089,서울백석초등학교,37.55364655,126.8624288,학교,1,1079.0
1090,서울삼정초등학교,37.58050906,126.8105416,학교,1,1080.0
1091,서울송화초등학교,37.56814999,126.8180278,학교,1,1081.0
1092,서울수명초등학교,37.55276136,126.8235445,학교,1,1082.0
1093,서울신정초등학교,37.53206852,126.8523585,학교,1,1083.0
1094,서울양천초등학교,37.5701741,126.8395265,학교,1,1084.0
1095,서울염동초등학교,37.55209276,126.8723551,학교,1,1085.0
1096,서울염창초등학교,37.55322762,126.867596,학교,1,1086.0
1097,서울우장초등학교,37.54963979,126.8459896,학교,1,1087.0
1098,서울치현초등학교,37.57593668,126.8146105,학교,1,1088.0
1099,서울화곡초등학교,37.54367069,126.8464776,학교,1,1089.0
1100,유석초등학교,37.56078034,126.8537863,학교,1,1090.0
1101,경서중학교,37.56124232,126.8577634,학교,1,1091.0
1102,공항중학교,37.56217251,126.8149642,학교,1,1092.0
1103,등명중학교,37.56019166,126.843303,학교,1,1093.0
1104,등원중학교,37.55981297,126.851594,학교,1,1094.0
1105,마곡중학교,37.56778897,126.8215765,학교,1,1095.0
1106,마곡하늬중학교,37.55816904,126.8209809,학교,1,1096.0
1107,방원중학교,37.57604901,126.8087558,학교,1,1097.0
1108,방화중학교,37.56433705,126.8071084,학교,1,1098.0
1109,백석중학교,37.54828796,126.8589567,학교,1,1099.0
1110,삼정중학교,37.58040042,126.819476,학교,1,1100.0
1111,성재중학교,37.56923955,126.8453028,학교,1,1101.0
1112,송정중학교,37.55315599,126.8152426,학교,1,1102.0
1113,수명중학교,37.54856771,126.824063,학교,1,1103.0
1114,염경중학교,37.55513678,126.8712567,학교,1,1104.0
1115,염창중학교,37.55426744,126.8717451,학교,1,1105.0
1116,화원중학교,37.53621548,126.8424171,학교,1,1106.0
1117,덕원중학교,37.54862603,126.8290301,학교,1,1107.0
1118,등촌중학교,37.55248022,126.8592098,학교,1,1108.0
1119,마포중학교,37.55986714,126.8534607,학교,1,1109.0
1120,명덕여자중학교,37.55403035,126.8343102,학교,1,1110.0
1121,신정여자중학교,37.53825707,126.8568464,학교,1,1111.0
1122,화곡중학교,37.54840959,126.8326548,학교,1,1112.0
1123,강서공업고등학교,37.57603353,126.8161825,학교,1,1113.0
1124,공항고등학교,37.57035607,126.8187854,학교,1,1114.0
1125,등촌고등학교,37.56294787,126.8450489,학교,1,1115.0
1126,세현고등학교,37.56043374,126.8636161,학교,1,1116.0
1127,수명고등학교,37.54973358,126.8244181,학교,1,1117.0
1128,경복비즈니스고등학교,37.55811116,126.8526387,학교,1,1118.0
1129,경복여자고등학교,37.55783,126.8505944,학교,1,1119.0
1130,대일고등학교,37.53957377,126.8625745,학교,1,1120.0
1131,덕원여자고등학교,37.54862603,126.8290301,학교,1,1121.0
1132,덕원예술고등학교,37.54862603,126.8290301,학교,1,1122.0
1133,동양고등학교,37.56906572,126.8468789,학교,1,1123.0
1134,마포고등학교,37.55986714,126.8534607,학교,1,1124.0
1135,명덕고등학교,37.55403035,126.8343102,학교,1,1125.0
1136,명덕여자고등학교,37.55403035,126.8343102,학교,1,1126.0
1137,명덕외국어고등학교,37.55403035,126.8343102,학교,1,1127.0
1138,서울신정고등학교,37.53825707,126.8568464,학교,1,1128.0
1139,서울항공비즈니스고등학교,37.56922131,126.8170374,학교,1,1129.0
1140,영등포공업고등학교,37.56983522,126.8500253,학교,1,1130.0
1141,영일고등학교,37.54729071,126.8620614,학교,1,1131.0
1142,한광고등학교,37.53884425,126.857935,학교,1,1132.0
1143,한서고등학교,37.57476975,126.8078818,학교,1,1133.0
1144,화곡고등학교,37.54797421,126.8314507,학교,1,1134.0
1145,화곡보건경영고등학교,37.54840959,126.8326548,학교,1,1135.0
1146,서울서진학교,37.56548005,126.8506242,학교,1,1136.0
1147,교남학교,37.54797175,126.8523526,학교,1,1137.0
1148,서울개봉초등학교,37.48952168,126.8579731,학교,1,1138.0
1149,서울고산초등학교,37.49897601,126.8647732,학교,1,1139.0
1150,서울고척초등학교,37.50084497,126.8567491,학교,1,1140.0
1151,서울구로남초등학교,37.48468372,126.8902268,학교,1,1141.0
1152,서울구일초등학교,37.49319345,126.8734776,학교,1,1142.0
1153,서울매봉초등학교,37.5049145,126.8443704,학교,1,1143.0
1154,서울미래초등학교,37.50510829,126.8880813,학교,1,1144.0
1155,서울세곡초등학교,37.50505992,126.8491184,학교,1,1145.0
1156,서울신미림초등학교,37.50714529,126.8795569,학교,1,1146.0
1157,서울영서초등학교,37.48774616,126.8949194,학교,1,1147.0
1158,서울오류남초등학교,37.48968944,126.8391091,학교,1,1148.0
1159,서울천왕초등학교,37.48130515,126.8368077,학교,1,1149.0
1160,서울하늘숲유치원,37.48509633,126.8430132,학교,1,1150.0
1161,서울항동유치원,37.47711294,126.8247188,학교,1,1151.0
1162,개봉샛별유치원,37.49167316,126.8568322,학교,1,1152.0
1163,꿀벌유치원,37.48497253,126.8893179,학교,1,1153.0
1164,동아유치원,37.51096405,126.8822372,학교,1,1154.0
1165,동정성모유치원,37.49045007,126.8285244,학교,1,1155.0
1166,목원유치원,37.49290396,126.8592561,학교,1,1156.0
1167,미림유치원,37.49086414,126.857964,학교,1,1157.0
1168,바니유치원,37.49327129,126.8778754,학교,1,1158.0
1169,새두산유치원,37.48989792,126.8889624,학교,1,1159.0
1170,서울남유치원,37.48803744,126.8818096,학교,1,1160.0
1171,세희유치원,37.49153685,126.893665,학교,1,1161.0
1172,신도유치원,37.48908825,126.8776439,학교,1,1162.0
1173,예쁨유치원,37.49522347,126.8174466,학교,1,1163.0
1174,정훈유치원,37.49639169,126.8630707,학교,1,1164.0
1175,푸른동산유치원,37.48672983,126.831364,학교,1,1165.0
1176,혜원유치원,37.49941587,126.8422949,학교,1,1166.0
1177,서울개명초등학교,37.48303854,126.8509823,학교,1,1167.0
1178,서울개웅초등학교,37.48860704,126.8500603,학교,1,1168.0
1179,서울고원초등학교,37.49760727,126.8658004,학교,1,1169.0
1180,서울구로초등학교,37.49727668,126.8860033,학교,1,1170.0
1181,서울덕의초등학교,37.50603176,126.8573487,학교,1,1171.0
1182,서울동구로초등학교,37.49406952,126.8927795,학교,1,1172.0
1183,서울신구로초등학교,37.49963168,126.8892255,학교,1,1173.0
1184,서울신도림초등학교,37.5119828,126.8832513,학교,1,1174.0
1185,서울영일초등학교,37.48564155,126.8838127,학교,1,1175.0
1186,서울오류초등학교,37.4975301,126.84203,학교,1,1176.0
1187,서울오정초등학교,37.49016807,126.8264368,학교,1,1177.0
1188,서울온수초등학교,37.49400187,126.8259698,학교,1,1178.0
1189,서울하늘숲초등학교,37.48416225,126.8414785,학교,1,1179.0
1190,서울항동초등학교,37.47691644,126.823987,학교,1,1180.0
1191,개봉중학교,37.50352566,126.8424012,학교,1,1181.0
1192,개웅중학교,37.48752661,126.8510719,학교,1,1182.0
1193,경인중학교,37.4984635,126.8536753,학교,1,1183.0
1194,고척중학교,37.49973599,126.8613463,학교,1,1184.0
1195,구로중학교,37.49485576,126.8911055,학교,1,1185.0
1196,구일중학교,37.49530471,126.8737739,학교,1,1186.0
1197,신도림중학교,37.51073603,126.8848082,학교,1,1187.0
1198,영림중학교,37.49722158,126.8906861,학교,1,1188.0
1199,영서중학교,37.48911321,126.8956117,학교,1,1189.0
1200,오남중학교,37.48705815,126.8372501,학교,1,1190.0
1201,오류중학교,37.50784529,126.8464629,학교,1,1191.0
1202,천왕중학교,37.48270756,126.8373966,학교,1,1192.0
1203,항동중학교,37.48267232,126.8201882,학교,1,1193.0
1204,우신중학교,37.49489769,126.8263516,학교,1,1194.0
1205,경인고등학교,37.49599084,126.865429,학교,1,1195.0
1206,고척고등학교,37.50804962,126.8498643,학교,1,1196.0
1207,구로고등학교,37.49883995,126.8903116,학교,1,1197.0
1208,구일고등학교,37.49350162,126.8746152,학교,1,1198.0
1209,구현고등학교,37.5022849,126.8744156,학교,1,1199.0
1210,세종과학고등학교,37.49756567,126.8273503,학교,1,1200.0
1211,신도림고등학교,37.51412305,126.8818508,학교,1,1201.0
1212,덕일전자공업고등학교,37.4906164,126.8371611,학교,1,1202.0
1213,서서울생활과학고등학교,37.503835,126.8280667,학교,1,1203.0
1214,서울공연예술고등학교,37.49993334,126.8326061,학교,1,1204.0
1215,예림디자인고등학교,37.50035315,126.82768,학교,1,1205.0
1216,오류고등학교,37.50035315,126.82768,학교,1,1206.0
1217,우신고등학교,37.49489769,126.8263516,학교,1,1207.0
1218,유한공업고등학교,37.48797435,126.8232937,학교,1,1208.0
1219,서울정진학교,37.49881555,126.8207488,학교,1,1209.0
1220,성베드로학교,37.48752529,126.8261615,학교,1,1210.0
1221,서울금나래초등학교,37.45796915,126.896171,학교,1,1211.0
1222,서울독산초등학교,37.46565204,126.8997095,학교,1,1212.0
1223,서울두산초등학교,37.46754349,126.8909434,학교,1,1213.0
1224,서울문교초등학교,37.46662666,126.9086257,학교,1,1214.0
1225,서울백산초등학교,37.44678941,126.9051502,학교,1,1215.0
1226,서울정심초등학교,37.47199318,126.9082199,학교,1,1216.0
1227,서울탑동유치원,37.45251506,126.9153633,학교,1,1217.0
1228,럭키유치원,37.44784045,126.8999475,학교,1,1218.0
1229,서울국악유치원,37.44636909,126.9064673,학교,1,1219.0
1230,시내유치원,37.47616077,126.891291,학교,1,1220.0
1231,예림유치원,37.45220809,126.9182498,학교,1,1221.0
1232,참사랑유치원,37.46290722,126.890424,학교,1,1222.0
1233,한신유치원,37.45538691,126.8888734,학교,1,1223.0
1234,서울가산초등학교,37.47821783,126.8963937,학교,1,1224.0
1235,서울금동초등학교,37.44773999,126.9164041,학교,1,1225.0
1236,서울금산초등학교,37.44128441,126.9081233,학교,1,1226.0
1237,서울금천초등학교,37.45480795,126.9128775,학교,1,1227.0
1238,서울문백초등학교,37.44707189,126.898693,학교,1,1228.0
1239,서울문성초등학교,37.47499108,126.8991884,학교,1,1229.0
1240,서울시흥초등학교,37.45534471,126.9046414,학교,1,1230.0
1241,서울신흥초등학교,37.45821571,126.9091547,학교,1,1231.0
1242,서울안천초등학교,37.45874333,126.8883943,학교,1,1232.0
1243,서울영남초등학교,37.47612013,126.9092114,학교,1,1233.0
1244,서울탑동초등학교,37.45251506,126.9153633,학교,1,1234.0
1245,동광초등학교,37.45193359,126.9158238,학교,1,1235.0
1246,가산중학교,37.46877493,126.8944749,학교,1,1236.0
1247,난곡중학교,37.47802635,126.9107327,학교,1,1237.0
1248,문성중학교,37.47546478,126.9084974,학교,1,1238.0
1249,세일중학교,37.47459509,126.8953729,학교,1,1239.0
1250,시흥중학교,37.44631171,126.9051346,학교,1,1240.0
1251,안천중학교,37.45972872,126.8877807,학교,1,1241.0
1252,한울중학교,37.46239643,126.9071837,학교,1,1242.0
1253,동일중학교,37.45193359,126.9158238,학교,1,1243.0
1254,문일중학교,37.44891933,126.8987224,학교,1,1244.0
1255,국립전통예술고등학교,37.44636909,126.9064673,학교,1,1245.0
1256,금천고등학교,37.44489495,126.9049066,학교,1,1246.0
1257,독산고등학교,37.47605446,126.9108856,학교,1,1247.0
1258,동일여자고등학교,37.45193359,126.9158238,학교,1,1248.0
1259,문일고등학교,37.44891933,126.8987224,학교,1,1249.0
1260,서울매그넷고등학교,37.45193359,126.9158238,학교,1,1250.0
1261,한국삼육중학교,37.64336047,127.1088554,학교,1,1251.0
1262,서울당중초등학교,37.52628635,126.8894192,학교,1,1252.0
1263,서울대길초등학교,37.49782752,126.9132502,학교,1,1253.0
1264,서울대동초등학교,37.49378557,126.9000098,학교,1,1254.0
1265,서울대방초등학교,37.50289926,126.919024,학교,1,1255.0
1266,서울도신초등학교,37.49927044,126.9007098,학교,1,1256.0
1267,서울선유초등학교,37.5328954,126.8927722,학교,1,1257.0
1268,서울영동초등학교,37.5270063,126.9077025,학교,1,1258.0
1269,서울영등포초등학교,37.51294351,126.8982586,학교,1,1259.0
1270,서울영림초등학교,37.48734831,126.9025126,학교,1,1260.0
1271,서울영중초등학교,37.52413993,126.9036941,학교,1,1261.0
1272,서울우신초등학교,37.50986177,126.9118657,학교,1,1262.0
1273,서울윤중초등학교,37.51963723,126.9225951,학교,1,1263.0
1274,굿프랜드유치원,37.49710165,126.9117226,학교,1,1264.0
1275,돈보스꼬유치원,37.51054876,126.9013816,학교,1,1265.0
1276,동천유치원,37.50635004,126.9121201,학교,1,1266.0
1277,명신유치원,37.507631,126.9083691,학교,1,1267.0
1278,무지개영재유치원,37.5251014,126.8937357,학교,1,1268.0
1279,살레시오성미유치원,37.50163825,126.9092592,학교,1,1269.0
1280,성락유치원,37.50395997,126.9011501,학교,1,1270.0
1281,성모유치원,37.5055357,126.9215874,학교,1,1271.0
1282,성요셉유치원,37.52135633,126.9373222,학교,1,1272.0
1283,성지유치원,37.51175591,126.9023254,학교,1,1273.0
1284,신길에덴유치원,37.50560553,126.9134656,학교,1,1274.0
1285,신라유치원,37.51469924,126.9166482,학교,1,1275.0
1286,여의도유치원,37.52156947,126.9389822,학교,1,1276.0
1287,여의유치원,37.52256269,126.9312075,학교,1,1277.0
1288,영중유치원,37.53107419,126.9052333,학교,1,1278.0
1289,우성유치원,37.50574807,126.900615,학교,1,1279.0
1290,청은유치원,37.52252102,126.8856964,학교,1,1280.0
1291,침례유치원,37.51773353,126.9342514,학교,1,1281.0
1292,큰나무유치원,37.50611765,126.8948299,학교,1,1282.0
1293,파란나라유치원,37.50322094,126.897259,학교,1,1283.0
1294,파랑새유치원,37.50238385,126.9002571,학교,1,1284.0
1295,평강유치원,37.49493331,126.9081579,학교,1,1285.0
1296,평화유치원,37.53237437,126.8967965,학교,1,1286.0
1297,한신혜원유치원,37.54028332,126.8917465,학교,1,1287.0
1298,한영유치원,37.52850207,126.9047844,학교,1,1288.0
1299,서울당산초등학교,37.54011813,126.8962412,학교,1,1289.0
1300,서울당서초등학교,37.53202402,126.8998112,학교,1,1290.0
1301,서울대영초등학교,37.50254952,126.9064638,학교,1,1291.0
1302,서울도림초등학교,37.50748584,126.9072854,학교,1,1292.0
1303,서울문래초등학교,37.51914433,126.8936086,학교,1,1293.0
1304,서울신대림초등학교,37.49228077,126.905833,학교,1,1294.0
1305,서울신영초등학교,37.5010025,126.8960928,학교,1,1295.0
1306,서울여의도초등학교,37.52320778,126.9367982,학교,1,1296.0
1307,서울영문초등학교,37.51960859,126.8873913,학교,1,1297.0
1308,서울영신초등학교,37.51017152,126.9181275,학교,1,1298.0
1309,서울영원초등학교,37.51071838,126.9021823,학교,1,1299.0
1310,당산서중학교,37.53248334,126.8988201,학교,1,1300.0
1311,당산중학교,37.53242733,126.907352,학교,1,1301.0
1312,대림중학교,37.49237732,126.9075053,학교,1,1302.0
1313,대영중학교,37.50343894,126.9052067,학교,1,1303.0
1314,문래중학교,37.52046208,126.8842564,학교,1,1304.0
1315,선유중학교,37.53324377,126.8943737,학교,1,1305.0
1316,신길중학교,37.50201978,126.915474,학교,1,1306.0
1317,양화중학교,37.51981603,126.8960649,학교,1,1307.0
1318,여의도중학교,37.52399103,126.9357237,학교,1,1308.0
1319,영남중학교,37.49787345,126.8958334,학교,1,1309.0
1320,영원중학교,37.51496905,126.9136467,학교,1,1310.0
1321,윤중중학교,37.51916268,126.9239142,학교,1,1311.0
1322,관악고등학교,37.52177436,126.8829585,학교,1,1312.0
1323,대영고등학교,37.50348974,126.905828,학교,1,1313.0
1324,선유고등학교,37.53389698,126.8948506,학교,1,1314.0
1325,여의도고등학교,37.52466504,126.9345262,학교,1,1315.0
1326,여의도여자고등학교,37.52283676,126.9346201,학교,1,1316.0
1327,영등포여자고등학교,37.51539025,126.91536,학교,1,1317.0
1328,영신고등학교,37.49810157,126.9097403,학교,1,1318.0
1329,한강미디어고등학교,37.53927029,126.8971137,학교,1,1319.0
1330,장훈고등학교,37.51334381,126.9162266,학교,1,1320.0
1331,한국제과학교,37.5159649,126.922037,학교,1,1321.0
1332,서울강남초등학교,37.495293,126.955338,학교,1,1322.0
1333,서울남성초등학교,37.48468858,126.9756751,학교,1,1323.0
1334,서울노량진초등학교,37.5117466,126.9408291,학교,1,1324.0
1335,서울문창초등학교,37.48898478,126.9148368,학교,1,1325.0
1336,서울본동초등학교,37.50992525,126.9538511,학교,1,1326.0
1337,서울상도유치원,37.5082459,126.9433329,학교,1,1327.0
1338,서울신남성초등학교,37.48815373,126.9648742,학교,1,1328.0
1339,서울은로유치원,37.50314949,126.9599964,학교,1,1329.0
1340,서울행림초등학교,37.48281123,126.9649591,학교,1,1330.0
1341,강남유치원,37.50341732,126.9495196,학교,1,1331.0
1342,노량진교회유치원,37.51215864,126.9557542,학교,1,1332.0
1343,명수유치원,37.50872197,126.9604508,학교,1,1333.0
1344,상도유치원,37.50157395,126.951977,학교,1,1334.0
1345,샛별유치원,37.49804485,126.9502846,학교,1,1335.0
1346,소망유치원,37.50826798,126.9672549,학교,1,1336.0
1347,송림유치원,37.48908744,126.9634591,학교,1,1337.0
1348,승혜유치원,37.49867478,126.9370779,학교,1,1338.0
1349,시현유치원,37.51030478,126.9468669,학교,1,1339.0
1350,열림유치원,37.50896593,126.9292181,학교,1,1340.0
1351,요요유치원,37.49527224,126.9116926,학교,1,1341.0
1352,중앙대부속유치원,37.50480732,126.9538546,학교,1,1342.0
1353,총신대부속유치원,37.48792698,126.9667657,학교,1,1343.0
1354,행복유치원,37.49565671,126.9411465,학교,1,1344.0
1355,행복한숲유치원,37.50763441,126.9495398,학교,1,1345.0
1356,서울남사초등학교,37.48194448,126.9782339,학교,1,1346.0
1357,서울대림초등학교,37.50060993,126.9248814,학교,1,1347.0
1358,서울동작초등학교,37.4941118,126.9765078,학교,1,1348.0
1359,서울보라매초등학교,37.49585371,126.9161399,학교,1,1349.0
1360,서울삼일초등학교,37.48826153,126.9751853,학교,1,1350.0
1361,서울상도초등학교,37.50039861,126.9373928,학교,1,1351.0
1362,서울상현초등학교,37.49477737,126.9526938,학교,1,1352.0
1363,서울신길초등학교,37.51087157,126.9267251,학교,1,1353.0
1364,서울신상도초등학교,37.50034619,126.9446203,학교,1,1354.0
1365,서울영본초등학교,37.51129399,126.9486741,학교,1,1355.0
1366,서울영화초등학교,37.50913695,126.9331858,학교,1,1356.0
1367,서울은로초등학교,37.50314949,126.9599964,학교,1,1357.0
1368,서울흑석초등학교,37.50829444,126.9651281,학교,1,1358.0
1369,중앙대학교사범대학부속초등학교,37.50480732,126.9538546,학교,1,1359.0
1370,강남중학교,37.50190254,126.9223634,학교,1,1360.0
1371,강현중학교,37.50295252,126.9308308,학교,1,1361.0
1372,국사봉중학교,37.49352925,126.9440602,학교,1,1362.0
1373,남성중학교,37.47905587,126.9724278,학교,1,1363.0
1374,대방중학교,37.49543757,126.9130133,학교,1,1364.0
1375,동작중학교,37.49546555,126.9778012,학교,1,1365.0
1376,문창중학교,37.49585689,126.9224049,학교,1,1366.0
1377,사당중학교,37.48776228,126.9685432,학교,1,1367.0
1378,상도중학교,37.49091722,126.9614775,학교,1,1368.0
1379,상현중학교,37.49415336,126.9606073,학교,1,1369.0
1380,영등포중학교,37.50808235,126.9331443,학교,1,1370.0
1381,장승중학교,37.50314156,126.9408261,학교,1,1371.0
1382,동양중학교,37.51021857,126.9574779,학교,1,1372.0
1383,성남중학교,37.50528407,126.9266128,학교,1,1373.0
1384,숭의여자중학교,37.50736228,126.929241,학교,1,1374.0
1385,중앙대학교사범대학부속중학교,37.50363328,126.9617314,학교,1,1375.0
1386,동작고등학교,37.4826051,126.9650863,학교,1,1376.0
1387,서울공업고등학교,37.50190254,126.9223634,학교,1,1377.0
1388,수도여자고등학교,37.49279685,126.9149061,학교,1,1378.0
1389,영등포고등학교,37.50808235,126.9331443,학교,1,1379.0
1390,경문고등학교,37.49342268,126.9822732,학교,1,1380.0
1391,성남고등학교,37.50528407,126.9266128,학교,1,1381.0
1392,숭의여자고등학교,37.50736228,126.929241,학교,1,1382.0
1393,누리학교,37.49997605,126.926519,학교,1,1383.0
1394,서울삼성학교,37.49919311,126.9466722,학교,1,1384.0
1395,서울관악초등학교,37.48102721,126.9425513,학교,1,1385.0
1396,서울구암유치원,37.48720625,126.9453364,학교,1,1386.0
1397,서울난곡초등학교,37.46913045,126.9163445,학교,1,1387.0
1398,서울남부초등학교,37.4851234,126.9221858,학교,1,1388.0
1399,서울남현유치원,37.47383744,126.9733131,학교,1,1389.0
1400,서울당곡초등학교,37.49017146,126.9303682,학교,1,1390.0
1401,서울봉천초등학교,37.48326542,126.9581912,학교,1,1391.0
1402,서울삼성초등학교,37.46852016,126.9404889,학교,1,1392.0
1403,서울신림초등학교,37.47711969,126.9268795,학교,1,1393.0
1404,서울신봉초등학교,37.48540254,126.9492062,학교,1,1394.0
1405,서울신성초등학교,37.47200077,126.9367543,학교,1,1395.0
1406,서울신우유치원,37.46326763,126.9325371,학교,1,1396.0
1407,서울원당초등학교,37.48147253,126.9561696,학교,1,1397.0
1408,서울은천초등학교,37.48658781,126.9426765,학교,1,1398.0
1409,서울청룡초등학교,37.47672582,126.9512835,학교,1,1399.0
1410,서울청림유치원,37.48909411,126.9601119,학교,1,1400.0
1411,꿈나라유치원,37.46059148,126.920616,학교,1,1401.0
1412,나랑유치원,37.48573432,126.9439663,학교,1,1402.0
1413,동원유치원,37.48287358,126.9566702,학교,1,1403.0
1414,명성유치원,37.46550643,126.9270227,학교,1,1404.0
1415,배꽃유치원,37.48560823,126.9419553,학교,1,1405.0
1416,새소슬유치원,37.48985123,126.9529887,학교,1,1406.0
1417,서울유치원,37.48750784,126.9559726,학교,1,1407.0
1418,애동유치원,37.47381585,126.9202791,학교,1,1408.0
1419,영그린유치원,37.47706265,126.9403899,학교,1,1409.0
1420,은아유치원,37.47545398,126.9644273,학교,1,1410.0
1421,현대유치원,37.49225015,126.9593558,학교,1,1411.0
1422,서울구암초등학교,37.4892149,126.9462694,학교,1,1412.0
1423,서울난우초등학교,37.47730728,126.9177981,학교,1,1413.0
1424,서울난향초등학교,37.46282327,126.9183344,학교,1,1414.0
1425,서울미성초등학교,37.47833894,126.9123902,학교,1,1415.0
1426,서울봉현초등학교,37.49131603,126.9556031,학교,1,1416.0
1427,서울사당초등학교,37.47383744,126.9733131,학교,1,1417.0
1428,서울신우초등학교,37.46326763,126.9325371,학교,1,1418.0
1429,서울원신초등학교,37.46719333,126.9272361,학교,1,1419.0
1430,서울인헌초등학교,37.47675652,126.9598643,학교,1,1420.0
1431,서울조원초등학교,37.48412413,126.9095023,학교,1,1421.0
1432,관악중학교,37.48126179,126.9619163,학교,1,1422.0
1433,구암중학교,37.492675,126.9483016,학교,1,1423.0
1434,난우중학교,37.46680191,126.9228329,학교,1,1424.0
1435,남서울중학교,37.4821395,126.9210414,학교,1,1425.0
1436,당곡중학교,37.49235485,126.9326779,학교,1,1426.0
1437,미성중학교,37.47560518,126.9120001,학교,1,1427.0
1438,봉림중학교,37.48119998,126.9376983,학교,1,1428.0
1439,봉원중학교,37.48410056,126.958892,학교,1,1429.0
1440,삼성중학교,37.46760119,126.9425141,학교,1,1430.0
1441,신관중학교,37.48019769,126.9344562,학교,1,1431.0
1442,신림중학교,37.47032647,126.9460029,학교,1,1432.0
1443,인헌중학교,37.47269925,126.9688404,학교,1,1433.0
1444,광신중학교,37.4644604,126.9259412,학교,1,1434.0
1445,남강중학교,37.47137096,126.9248928,학교,1,1435.0
1446,서울문영여자중학교,37.47290212,126.9509185,학교,1,1436.0
1447,성보중학교,37.48072411,126.9209599,학교,1,1437.0
1448,구암고등학교,37.49231737,126.9496296,학교,1,1438.0
1449,당곡고등학교,37.49235485,126.9326779,학교,1,1439.0
1450,삼성고등학교,37.46898041,126.9435912,학교,1,1440.0
1451,신림고등학교,37.47920991,126.9169679,학교,1,1441.0
1452,인헌고등학교,37.4723081,126.9704851,학교,1,1442.0
1453,광신고등학교,37.4644604,126.9259412,학교,1,1443.0
1454,광신방송예술고등학교,37.4644604,126.9259412,학교,1,1444.0
1455,남강고등학교,37.47137096,126.9248928,학교,1,1445.0
1456,미림마이스터고등학교,37.46610049,126.9319317,학교,1,1446.0
1457,미림여자고등학교,37.46610049,126.9319317,학교,1,1447.0
1458,서울관광고등학교,37.48781388,126.9437561,학교,1,1448.0
1459,서울문영여자고등학교,37.47290212,126.9509185,학교,1,1449.0
1460,서울미술고등학교,37.47669972,126.9667505,학교,1,1450.0
1461,서울여자상업고등학교,37.47290212,126.9509185,학교,1,1451.0
1462,성보고등학교,37.48072411,126.9209599,학교,1,1452.0
1463,영락고등학교,37.47653853,126.9454183,학교,1,1453.0
1464,영락의료과학고등학교,37.47653853,126.9454183,학교,1,1454.0
1465,서울정문학교,37.46171131,126.9169488,학교,1,1455.0
1466,서울새롬학교,37.49317188,126.9273739,학교,1,1456.0
1467,서울반포초등학교,37.50248725,126.9917412,학교,1,1457.0
1468,서울방배초등학교,37.48676057,126.9871353,학교,1,1458.0
1469,서울서래초등학교,37.49640067,126.9901605,학교,1,1459.0
1470,서울양재유치원,37.47418709,127.0318943,학교,1,1460.0
1471,서울어진유치원,37.46178568,127.0249665,학교,1,1461.0
1472,서울언남초등학교,37.45411515,127.061438,학교,1,1462.0
1473,서울우면초등학교,37.46471323,127.0237642,학교,1,1463.0
1474,서울우솔초등학교,37.45717101,127.0193635,학교,1,1464.0
1475,서울우암초등학교,37.47229079,127.0237223,학교,1,1465.0
1476,서울원명초등학교,37.5008686,127.016746,학교,1,1466.0
1477,서울청계숲유치원,37.44779635,127.057742,학교,1,1467.0
1478,구룡유치원,37.47112844,127.0491742,학교,1,1468.0
1479,동화유치원,37.49582954,127.0186554,학교,1,1469.0
1480,반포자이유치원,37.50786284,127.0115872,학교,1,1470.0
1481,새성민유치원,37.4806738,126.9961043,학교,1,1471.0
1482,새순유치원,37.48906156,126.9885743,학교,1,1472.0
1483,서초유치원,37.45609061,127.0162127,학교,1,1473.0
1484,석문유치원,37.49288157,127.0217359,학교,1,1474.0
1485,여나유치원,37.50038131,127.0155762,학교,1,1475.0
1486,영생유치원,37.50500764,126.9956772,학교,1,1476.0
1487,천사유치원,37.47479231,127.0320787,학교,1,1477.0
1488,서울교육대학교부설초등학교,37.49073844,127.015386,학교,1,1478.0
1489,서울매헌초등학교,37.47126029,127.0420615,학교,1,1479.0
1490,서울반원초등학교,37.51022407,127.0041247,학교,1,1480.0
1491,서울방일초등학교,37.48520232,126.9988481,학교,1,1481.0
1492,서울방현초등학교,37.47650468,126.9900774,학교,1,1482.0
1493,서울서원초등학교,37.50243678,127.0146218,학교,1,1483.0
1494,서울서이초등학교,37.49156204,127.0256205,학교,1,1484.0
1495,서울서일초등학교,37.4852982,127.0221625,학교,1,1485.0
1496,서울서초초등학교,37.4990438,127.0248901,학교,1,1486.0
1497,서울신동초등학교,37.51713298,127.0113859,학교,1,1487.0
1498,서울신중초등학교,37.48015462,127.00934,학교,1,1488.0
1499,서울양재초등학교,37.47418709,127.0318943,학교,1,1489.0
1500,서울원촌초등학교,37.50612207,127.0124584,학교,1,1490.0
1501,서울이수초등학교,37.47846677,126.9845562,학교,1,1491.0
1502,서울잠원초등학교,37.50174765,126.9980167,학교,1,1492.0
1503,계성초등학교,37.50489015,126.9966967,학교,1,1493.0
1504,경원중학교,37.51162669,127.0091283,학교,1,1494.0
1505,내곡중학교,37.45200507,127.0544455,학교,1,1495.0
1506,반포중학교,37.50305379,126.9916092,학교,1,1496.0
1507,방배중학교,37.494871,126.9978258,학교,1,1497.0
1508,서운중학교,37.49394993,127.0245378,학교,1,1498.0
1509,서일중학교,37.49853409,127.0231777,학교,1,1499.0
1510,서초중학교,37.48572596,127.0085994,학교,1,1500.0
1511,신동중학교,37.51691149,127.012916,학교,1,1501.0
1512,신반포중학교,37.5062638,126.9961129,학교,1,1502.0
1513,언남중학교,37.47261137,127.0442263,학교,1,1503.0
1514,영동중학교,37.46601521,127.0253978,학교,1,1504.0
1515,원촌중학교,37.50632094,127.0146953,학교,1,1505.0
1516,이수중학교,37.48062969,126.9898637,학교,1,1506.0
1517,동덕여자중학교,37.47597245,126.9921196,학교,1,1507.0
1518,서문여자중학교,37.48885589,126.9845514,학교,1,1508.0
1519,세화여자중학교,37.50199479,126.9942246,학교,1,1509.0
1520,반포고등학교,37.50270477,127.0165071,학교,1,1510.0
1521,서울고등학교,37.48428924,127.0048983,학교,1,1511.0
1522,서울웹툰애니메이션고등학교,37.46984309,126.9886973,학교,1,1512.0
1523,서초고등학교,37.48960953,127.0053819,학교,1,1513.0
1524,양재고등학교,37.4824243,127.0320822,학교,1,1514.0
1525,언남고등학교,37.47233121,127.0430088,학교,1,1515.0
1526,동덕여자고등학교,37.47597245,126.9921196,학교,1,1516.0
1527,상문고등학교,37.47975769,127.0039181,학교,1,1517.0
1528,서문여자고등학교,37.48885589,126.9845514,학교,1,1518.0
1529,세화고등학교,37.50199479,126.9942246,학교,1,1519.0
1530,세화여자고등학교,37.50199479,126.9942246,학교,1,1520.0
1531,서울나래학교,37.46402873,127.0515022,학교,1,1521.0
1532,다니엘학교,37.46016792,127.0923231,학교,1,1522.0
1533,서울개원초등학교,37.48136235,127.0590512,학교,1,1523.0
1534,서울개포유치원,37.4862731,127.0693022,학교,1,1524.0
1535,서울논현초등학교,37.50848885,127.0262265,학교,1,1525.0
1536,서울대왕초등학교,37.46462104,127.1055858,학교,1,1526.0
1537,서울대현초등학교,37.50394362,127.0636883,학교,1,1527.0
1538,서울도곡초등학교,37.49950918,127.0544697,학교,1,1528.0
1539,서울세명유치원,37.46885363,127.0910764,학교,1,1529.0
1540,서울수서초등학교,37.49101876,127.1015625,학교,1,1530.0
1541,서울신구유치원,37.52340129,127.0240419,학교,1,1531.0
1542,서울언주초등학교,37.48631927,127.0367925,학교,1,1532.0
1543,서울역삼초등학교,37.49316013,127.0325997,학교,1,1533.0
1544,서울영희초등학교,37.49230358,127.0811353,학교,1,1534.0
1545,서울율현초등학교,37.47456194,127.10826,학교,1,1535.0
1546,서울은곡유치원,37.46679865,127.0968892,학교,1,1536.0
1547,서울일원초등학교,37.48986913,127.0763026,학교,1,1537.0
1548,서울자곡초등학교,37.47241648,127.0998064,학교,1,1538.0
1549,서울청담초등학교,37.52827714,127.045158,학교,1,1539.0
1550,서울포이초등학교,37.47610232,127.0525483,학교,1,1540.0
1551,서울학동초등학교,37.51222847,127.0394802,학교,1,1541.0
1552,강남유정유치원,37.48301192,127.0949418,학교,1,1542.0
1553,남부유치원,37.48760449,127.0497573,학교,1,1543.0
1554,도곡렉슬유치원,37.49420903,127.0497302,학교,1,1544.0
1555,묘동유치원,37.49740798,127.0587711,학교,1,1545.0
1556,신아유치원,37.49325206,127.0791221,학교,1,1546.0
1557,영동제일유치원,37.51756702,127.0534278,학교,1,1547.0
1558,오즈의마법사유치원,37.46399496,127.1062036,학교,1,1548.0
1559,이화유치원,37.49233364,127.0745873,학교,1,1549.0
1560,청담몬테소리유치원,37.51934984,127.0465386,학교,1,1550.0
1561,초원유치원,37.47601652,127.0485923,학교,1,1551.0
1562,푸른유치원,37.4848701,127.0811697,학교,1,1552.0
1563,서울개일초등학교,37.48619102,127.0577922,학교,1,1553.0
1564,서울개포초등학교,37.48663909,127.0700101,학교,1,1554.0
1565,서울개현초등학교,37.48080149,127.0621789,학교,1,1555.0
1566,서울구룡초등학교,37.48122304,127.0517601,학교,1,1556.0
1567,서울대곡초등학교,37.49470934,127.0650247,학교,1,1557.0
1568,서울대도초등학교,37.49306968,127.0537253,학교,1,1558.0
1569,서울대모초등학교,37.48060038,127.0859933,학교,1,1559.0
1570,서울대진초등학교,37.49707283,127.0780009,학교,1,1560.0
1571,서울대청초등학교,37.4931478,127.0877631,학교,1,1561.0
1572,서울대치초등학교,37.49120537,127.061755,학교,1,1562.0
1573,서울도성초등학교,37.50146464,127.0488694,학교,1,1563.0
1574,서울봉은초등학교,37.52018634,127.0609968,학교,1,1564.0
1575,서울삼릉초등학교,37.51314467,127.0469228,학교,1,1565.0
1576,서울세명초등학교,37.46885363,127.0910764,학교,1,1566.0
1577,서울신구초등학교,37.52340129,127.0240419,학교,1,1567.0
1578,서울압구정초등학교,37.5317379,127.0308465,학교,1,1568.0
1579,서울양전초등학교,37.4904933,127.0697136,학교,1,1569.0
1580,서울언북초등학교,37.52012808,127.0447187,학교,1,1570.0
1581,서울왕북초등학교,37.4864849,127.0860687,학교,1,1571.0
1582,개원중학교,37.49190331,127.071415,학교,1,1572.0
1583,개포중학교,37.48047624,127.0620699,학교,1,1573.0
1584,구룡중학교,37.48603407,127.0561885,학교,1,1574.0
1585,대명중학교,37.50642725,127.0609993,학교,1,1575.0
1586,대왕중학교,37.48345811,127.087338,학교,1,1576.0
1587,대청중학교,37.49055702,127.0584046,학교,1,1577.0
1588,대치중학교,37.48457335,127.0470705,학교,1,1578.0
1589,도곡중학교,37.49238761,127.0450942,학교,1,1579.0
1590,봉은중학교,37.51894495,127.0623925,학교,1,1580.0
1591,세곡중학교,37.4719148,127.0919325,학교,1,1581.0
1592,수서중학교,37.4911062,127.1023982,학교,1,1582.0
1593,신구중학교,37.52743764,127.0316714,학교,1,1583.0
1594,신사중학교,37.52460003,127.0208133,학교,1,1584.0
1595,압구정중학교,37.5302418,127.0330042,학교,1,1585.0
1596,언북중학교,37.51926778,127.0331004,학교,1,1586.0
1597,언주중학교,37.51465655,127.0466887,학교,1,1587.0
1598,역삼중학교,37.49597667,127.0488032,학교,1,1588.0
1599,청담중학교,37.52866182,127.0448137,학교,1,1589.0
1600,단국대학교사범대학부속중학교,37.4956429,127.0577641,학교,1,1590.0
1601,숙명여자중학교,37.49147493,127.0526145,학교,1,1591.0
1602,은성중학교,37.48850565,127.0352944,학교,1,1592.0
1603,중동중학교,37.48835555,127.0786393,학교,1,1593.0
1604,진선여자중학교,37.50229789,127.048282,학교,1,1594.0
1605,휘문중학교,37.50529082,127.0619975,학교,1,1595.0
1606,국립국악고등학교,37.47628967,127.0511892,학교,1,1596.0
1607,개포고등학교,37.48477323,127.0596643,학교,1,1597.0
1608,경기고등학교,37.51756114,127.0560749,학교,1,1598.0
1609,경기여자고등학교,37.4867296,127.0654859,학교,1,1599.0
1610,서울로봇고등학교,37.48077717,127.0843856,학교,1,1600.0
1611,압구정고등학교,37.53117667,127.0327319,학교,1,1601.0
1612,청담고등학교,37.52802365,127.0438941,학교,1,1602.0
1613,단국대학교부속소프트웨어고등학교,37.4956429,127.0577641,학교,1,1603.0
1614,단국대학교사범대학부속고등학교,37.4956429,127.0577641,학교,1,1604.0
1615,대진디자인고등학교,37.49049688,127.095745,학교,1,1605.0
1616,서울세종고등학교,37.49048966,127.1030841,학교,1,1606.0
1617,수도전기공업고등학교,37.48493754,127.0644792,학교,1,1607.0
1618,숙명여자고등학교,37.49147493,127.0526145,학교,1,1608.0
1619,영동고등학교,37.52139066,127.043741,학교,1,1609.0
1620,은광여자고등학교,37.48850565,127.0352944,학교,1,1610.0
1621,중동고등학교,37.49376087,127.0808235,학교,1,1611.0
1622,중산고등학교,37.48574615,127.0814303,학교,1,1612.0
1623,중앙대학교사범대학부속고등학교,37.49197576,127.0521446,학교,1,1613.0
1624,진선여자고등학교,37.50229789,127.048282,학교,1,1614.0
1625,풍문고등학교,37.47133642,127.0999663,학교,1,1615.0
1626,현대고등학교,37.52547795,127.0223744,학교,1,1616.0
1627,휘문고등학교,37.50529082,127.0619975,학교,1,1617.0
1628,서울정애학교,37.51440341,127.0544405,학교,1,1618.0
1629,밀알학교,37.48577818,127.0820745,학교,1,1619.0
1630,서울가락초등학교,37.50020201,127.1077069,학교,1,1620.0
1631,서울거여초등학교,37.50505229,127.1409245,학교,1,1621.0
1632,서울거원초등학교,37.48767099,127.1446852,학교,1,1622.0
1633,서울남천초등학교,37.50144696,127.1507601,학교,1,1623.0
1634,서울방이초등학교,37.51342618,127.1204903,학교,1,1624.0
1635,서울세륜초등학교,37.51865432,127.1341963,학교,1,1625.0
1636,서울솔가람유치원,37.47802048,127.1409396,학교,1,1626.0
1637,서울솔방울유치원,37.50485203,127.1173898,학교,1,1627.0
1638,서울송전초등학교,37.50882873,127.0951283,학교,1,1628.0
1639,서울송파위례유치원,37.48468069,127.1473539,학교,1,1629.0
1640,서울송파초등학교,37.50702315,127.1113131,학교,1,1630.0
1641,서울신천초등학교,37.51400916,127.0950433,학교,1,1631.0
1642,서울아주초등학교,37.50586766,127.0757552,학교,1,1632.0
1643,서울영풍초등학교,37.49630003,127.1430037,학교,1,1633.0
1644,서울위례별유치원,37.47774795,127.1456122,학교,1,1634.0
1645,서울위례솔초등학교,37.48666925,127.1507236,학교,1,1635.0
1646,서울잠신초등학교,37.5141439,127.0879492,학교,1,1636.0
1647,서울잠일초등학교,37.5150752,127.0813769,학교,1,1637.0
1648,서울평화초등학교,37.49147567,127.122828,학교,1,1638.0
1649,란키즈유치원,37.4807696,127.1262885,학교,1,1639.0
1650,리아유치원,37.51668867,127.1377144,학교,1,1640.0
1651,리틀바움유치원,37.53011435,127.1193556,학교,1,1641.0
1652,불광유치원,37.50691768,127.1021188,학교,1,1642.0
1653,생명나무유치원,37.47799895,127.1293621,학교,1,1643.0
1654,석촌유치원,37.5028705,127.1066912,학교,1,1644.0
1655,송파유정유치원,37.4857212,127.1330607,학교,1,1645.0
1656,수정유치원,37.51597362,127.1153134,학교,1,1646.0
1657,아이코리아부속새세대유치원,37.48277291,127.1340445,학교,1,1647.0
1658,아주유치원,37.48840297,127.1462261,학교,1,1648.0
1659,예은유치원,37.50488989,127.1224791,학교,1,1649.0
1660,올림픽유치원,37.51668867,127.1377144,학교,1,1650.0
1661,위례우일유치원,37.4965413,127.157782,학교,1,1651.0
1662,은선유치원,37.49216833,127.1263256,학교,1,1652.0
1663,의명유치원,37.50639471,127.127359,학교,1,1653.0
1664,잠실럭키유치원,37.51343301,127.0904124,학교,1,1654.0
1665,제일무궁화유치원,37.49473466,127.1309889,학교,1,1655.0
1666,티움유치원,37.50110575,127.1152624,학교,1,1656.0
1667,햇빛유치원,37.52048807,127.1141289,학교,1,1657.0
1668,혜림유치원,37.49433317,127.135223,학교,1,1658.0
1669,홍익가족유치원,37.5061693,127.0949568,학교,1,1659.0
1670,서울가동초등학교,37.49748511,127.1300637,학교,1,1660.0
1671,서울가원초등학교,37.48944127,127.1110236,학교,1,1661.0
1672,서울가주초등학교,37.49642447,127.1291938,학교,1,1662.0
1673,서울개롱초등학교,37.49734783,127.1396329,학교,1,1663.0
1674,서울마천초등학교,37.49550431,127.1526254,학교,1,1664.0
1675,서울문덕초등학교,37.4853492,127.127807,학교,1,1665.0
1676,서울문정초등학교,37.48872045,127.129204,학교,1,1666.0
1677,서울문현초등학교,37.48281103,127.1306406,학교,1,1667.0
1678,서울방산초등학교,37.50956509,127.1210897,학교,1,1668.0
1679,서울버들초등학교,37.50801668,127.0902858,학교,1,1669.0
1680,서울삼전초등학교,37.50169613,127.093269,학교,1,1670.0
1681,서울석촌초등학교,37.50262496,127.1052012,학교,1,1671.0
1682,서울송례초등학교,37.47773939,127.138218,학교,1,1672.0
1683,서울신가초등학교,37.5004102,127.1198623,학교,1,1673.0
1684,서울오금초등학교,37.50949894,127.1316551,학교,1,1674.0
1685,서울오륜초등학교,37.51244794,127.1344602,학교,1,1675.0
1686,서울위례별초등학교,37.47911166,127.1447939,학교,1,1676.0
1687,서울잠동초등학교,37.51833552,127.0999346,학교,1,1677.0
1688,서울잠실초등학교,37.52027731,127.111258,학교,1,1678.0
1689,서울잠전초등학교,37.50733625,127.0838469,학교,1,1679.0
1690,서울잠현초등학교,37.52257896,127.1046126,학교,1,1680.0
1691,서울중대초등학교,37.49975723,127.1132652,학교,1,1681.0
1692,서울토성초등학교,37.53173511,127.1155801,학교,1,1682.0
1693,서울풍납초등학교,37.53529082,127.1175297,학교,1,1683.0
1694,서울풍성초등학교,37.52629505,127.1134834,학교,1,1684.0
1695,서울해누리초등학교,37.49841177,127.10213,학교,1,1685.0
1696,가락중학교,37.5026811,127.1186821,학교,1,1686.0
1697,가원중학교,37.49095427,127.1229924,학교,1,1687.0
1698,거원중학교,37.48752228,127.1465527,학교,1,1688.0
1699,문정중학교,37.4886089,127.1299629,학교,1,1689.0
1700,문현중학교,37.48068217,127.1278725,학교,1,1690.0
1701,방산중학교,37.50928123,127.1216925,학교,1,1691.0
1702,방이중학교,37.51500308,127.1132548,학교,1,1692.0
1703,서울체육중학교,37.52232556,127.129821,학교,1,1693.0
1704,석촌중학교,37.50145575,127.1211168,학교,1,1694.0
1705,세륜중학교,37.50892825,127.1312432,학교,1,1695.0
1706,송례중학교,37.4778315,127.139732,학교,1,1696.0
1707,송파중학교,37.49591623,127.1299235,학교,1,1697.0
1708,신천중학교,37.5162483,127.0792812,학교,1,1698.0
1709,아주중학교,37.50514238,127.0763409,학교,1,1699.0
1710,오금중학교,37.50544066,127.1287273,학교,1,1700.0
1711,오륜중학교,37.51618359,127.1388854,학교,1,1701.0
1712,오주중학교,37.50170224,127.1362353,학교,1,1702.0
1713,위례솔중학교,37.48726131,127.1503551,학교,1,1703.0
1714,잠신중학교,37.51626601,127.0873804,학교,1,1704.0
1715,잠실중학교,37.51691327,127.1001214,학교,1,1705.0
1716,풍납중학교,37.52534701,127.1156328,학교,1,1706.0
1717,풍성중학교,37.52563208,127.1127898,학교,1,1707.0
1718,해누리중학교,37.49841177,127.10213,학교,1,1708.0
1719,배명중학교,37.49771449,127.0957599,학교,1,1709.0
1720,보성중학교,37.5200892,127.1357296,학교,1,1710.0
1721,보인중학교,37.49757226,127.1395172,학교,1,1711.0
1722,영파여자중학교,37.53273931,127.1197434,학교,1,1712.0
1723,일신여자중학교,37.50175602,127.1142595,학교,1,1713.0
1724,정신여자중학교,37.50945695,127.0738447,학교,1,1714.0
1725,가락고등학교,37.50105139,127.1164279,학교,1,1715.0
1726,덕수고등학교,37.48567745,127.146879,학교,1,1716.0
1727,문정고등학교,37.48516909,127.1265992,학교,1,1717.0
1728,문현고등학교,37.48131043,127.1287584,학교,1,1718.0
1729,방산고등학교,37.50826314,127.1204942,학교,1,1719.0
1730,서울인공지능고등학교,37.49176552,127.1427049,학교,1,1720.0
1731,서울체육고등학교,37.52232556,127.129821,학교,1,1721.0
1732,오금고등학교,37.50453233,127.1289641,학교,1,1722.0
1733,잠신고등학교,37.51188682,127.0885422,학교,1,1723.0
1734,잠실고등학교,37.52292677,127.1065203,학교,1,1724.0
1735,잠일고등학교,37.51434562,127.0825736,학교,1,1725.0
1736,창덕여자고등학교,37.51613023,127.1402208,학교,1,1726.0
1737,배명고등학교,37.49771449,127.0957599,학교,1,1727.0
1738,보성고등학교,37.5200892,127.1357296,학교,1,1728.0
1739,보인고등학교,37.49757226,127.1395172,학교,1,1729.0
1740,영동일고등학교,37.50989424,127.0895504,학교,1,1730.0
1741,영파여자고등학교,37.53273931,127.1197434,학교,1,1731.0
1742,일신여자상업고등학교,37.50175602,127.1142595,학교,1,1732.0
1743,잠실여자고등학교,37.50175602,127.1142595,학교,1,1733.0
1744,정신여자고등학교,37.50945695,127.0738447,학교,1,1734.0
1745,광성하늘빛학교,37.53738024,127.1222349,학교,1,1735.0
1746,한국육영학교,37.48194166,127.132505,학교,1,1736.0
1747,서울강덕초등학교,37.55954456,127.1604814,학교,1,1737.0
1748,서울강빛초등학교,37.57434042,127.1707762,학교,1,1738.0
1749,서울강솔유치원,37.5618729,127.1802637,학교,1,1739.0
1750,서울고명초등학교,37.55297266,127.1474378,학교,1,1740.0
1751,서울고일초등학교,37.55154315,127.16941,학교,1,1741.0
1752,서울고현초등학교,37.55379915,127.1660462,학교,1,1742.0
1753,서울길동초등학교,37.53859205,127.1449761,학교,1,1743.0
1754,서울명일유치원,37.55341949,127.1419437,학교,1,1744.0
1755,서울선린초등학교,37.52975716,127.1455973,학교,1,1745.0
1756,서울신명초등학교,37.54092577,127.1499738,학교,1,1746.0
1757,서울위례초등학교,37.52231482,127.1394372,학교,1,1747.0
1758,서울천호초등학교,37.54772189,127.1365881,학교,1,1748.0
1759,가람유치원,37.54826066,127.1537837,학교,1,1749.0
1760,강동유정유치원,37.55056377,127.174955,학교,1,1750.0
1761,강일늘사랑유치원,37.56314796,127.1783255,학교,1,1751.0
1762,고덕유치원,37.55110948,127.169245,학교,1,1752.0
1763,구강사금강유치원,37.54485374,127.1288354,학교,1,1753.0
1764,녹원유치원,37.54852049,127.153577,학교,1,1754.0
1765,둔촌유치원,37.53138142,127.1397066,학교,1,1755.0
1766,명덕유치원,37.55987092,127.1531772,학교,1,1756.0
1767,반석유치원,37.54280803,127.1473384,학교,1,1757.0
1768,선아유치원,37.55032051,127.1698083,학교,1,1758.0
1769,성보나유치원,37.56034697,127.1694822,학교,1,1759.0
1770,예슬유치원,37.55344437,127.1256571,학교,1,1760.0
1771,오송유치원,37.5458496,127.1319246,학교,1,1761.0
1772,은새유치원,37.55237013,127.1526168,학교,1,1762.0
1773,준현유치원,37.53049264,127.1266262,학교,1,1763.0
1774,천호유치원,37.54165797,127.1316902,학교,1,1764.0
1775,한영중고등학교병설한영유치원,37.54926086,127.1575749,학교,1,1765.0
1776,화랑유치원,37.54292792,127.1377749,학교,1,1766.0
1777,서울강동초등학교,37.54635945,127.1301872,학교,1,1767.0
1778,서울강명초등학교,37.55455507,127.1736095,학교,1,1768.0
1779,서울강솔초등학교,37.5618729,127.1802637,학교,1,1769.0
1780,서울강일초등학교,37.56509672,127.1773872,학교,1,1770.0
1781,서울고덕초등학교,37.56129614,127.166076,학교,1,1771.0
1782,서울대명초등학교,37.54766228,127.1532698,학교,1,1772.0
1783,서울둔촌초등학교,37.52623803,127.1374576,학교,1,1773.0
1784,서울명덕초등학교,37.55675813,127.1450859,학교,1,1774.0
1785,서울명원초등학교,37.55129171,127.1505013,학교,1,1775.0
1786,서울명일초등학교,37.55455048,127.1425871,학교,1,1776.0
1787,서울묘곡초등학교,37.55870793,127.1530885,학교,1,1777.0
1788,서울상일초등학교,37.5475743,127.172668,학교,1,1778.0
1789,서울선사초등학교,37.55585092,127.1281983,학교,1,1779.0
1790,서울성내초등학교,37.53135413,127.1224977,학교,1,1780.0
1791,서울성일초등학교,37.52971287,127.1284116,학교,1,1781.0
1792,서울신암초등학교,37.5559197,127.1338792,학교,1,1782.0
1793,서울천동초등학교,37.54101809,127.1378308,학교,1,1783.0
1794,서울천일초등학교,37.54436493,127.1334355,학교,1,1784.0
1795,서울한산초등학교,37.52869719,127.1410724,학교,1,1785.0
1796,강동중학교,37.5696772,127.177835,학교,1,1786.0
1797,강명중학교,37.55543803,127.1748901,학교,1,1787.0
1798,강빛중학교,37.57434042,127.1707762,학교,1,1788.0
1799,강일중학교,37.55518603,127.1382904,학교,1,1789.0
1800,고덕중학교,37.56036379,127.1616494,학교,1,1790.0
1801,둔촌중학교,37.53083473,127.1463318,학교,1,1791.0
1802,명일중학교,37.55759404,127.1472947,학교,1,1792.0
1803,성내중학교,37.52906033,127.1291206,학교,1,1793.0
1804,신명중학교,37.54181294,127.1492961,학교,1,1794.0
1805,신암중학교,37.55637704,127.1335796,학교,1,1795.0
1806,천일중학교,37.54606923,127.1274859,학교,1,1796.0
1807,천호중학교,37.54651915,127.1397027,학교,1,1797.0
1808,한산중학교,37.52889882,127.1403008,학교,1,1798.0
1809,동북중학교,37.52024247,127.1394497,학교,1,1799.0
1810,동신중학교,37.5365683,127.1330956,학교,1,1800.0
1811,배재중학교,37.55505627,127.1502436,학교,1,1801.0
1812,상일중학교,37.54858859,127.1708234,학교,1,1802.0
1813,성덕여자중학교,37.54931814,127.1417303,학교,1,1803.0
1814,한영중학교,37.54926086,127.1575749,학교,1,1804.0
1815,강일고등학교,37.56390313,127.1780795,학교,1,1805.0
1816,둔촌고등학교,37.53142924,127.1438132,학교,1,1806.0
1817,명일여자고등학교,37.54978032,127.1495791,학교,1,1807.0
1818,선사고등학교,37.55633004,127.1357759,학교,1,1808.0
1819,강동고등학교,37.5499136,127.1606685,학교,1,1809.0
1820,광문고등학교,37.56045889,127.158547,학교,1,1810.0
1821,동북고등학교,37.52024247,127.1394497,학교,1,1811.0
1822,배재고등학교,37.55505627,127.1502436,학교,1,1812.0
1823,상일미디어고등학교,37.54858859,127.1708234,학교,1,1813.0
1824,상일여자고등학교,37.54858859,127.1708234,학교,1,1814.0
1825,서울컨벤션고등학교,37.55911248,127.1580075,학교,1,1815.0
1826,성덕고등학교,37.54931814,127.1417303,학교,1,1816.0
1827,한영고등학교,37.54926086,127.1575749,학교,1,1817.0
1828,한영외국어고등학교,37.54926086,127.1575749,학교,1,1818.0
1829,주몽학교,37.54630003,127.1631647,학교,1,1819.0
1830,한국구화학교,37.55829059,127.1590014,학교,1,1820.0
1831,서울대학교,37.468038058,126.9592943376,학교,1,1821.0
1832,한국체육대학교,37.5199046323,127.1320005395,학교,1,1822.0
1833,서울과학기술대학교,37.6330789279,127.0767947429,학교,1,1823.0
1834,서울시립대학교,37.5825775765,127.059988127,학교,1,1824.0
1835,가톨릭대학교,37.5023936158,127.0058606043,학교,1,1825.0
1836,감리교신학대학교,37.5679167647,126.9618923676,학교,1,1826.0
1837,건국대학교,37.5391826749,127.0747119023,학교,1,1827.0
1838,경기대학교,37.5651946924,126.9622241503,학교,1,1828.0
1839,경희대학교,37.5939491408,127.0548909606,학교,1,1829.0
1840,고려대학교,37.5864922167,127.0309795766,학교,1,1830.0
1841,광운대학교,37.6193203482,127.0583380669,학교,1,1831.0
1842,국민대학교,37.61028784,126.9985206,학교,1,1832.0
1843,강서대학교,37.5486853053,126.8541565249,학교,1,1833.0
1844,서울기독대학교,37.6007568622,126.9121924216,학교,1,1834.0
1845,덕성여자대학교,37.6495090773,127.0163952301,학교,1,1835.0
1846,동국대학교,37.55893664,126.9987376,학교,1,1836.0
1847,동덕여자대학교,37.6068148328,127.0411763018,학교,1,1837.0
1848,명지대학교,37.5803770224,126.9213485309,학교,1,1838.0
1849,삼육대학교,37.6433573691,127.1088503432,학교,1,1839.0
1850,상명대학교,37.6041089059,126.9551594966,학교,1,1840.0
1851,서강대학교,37.55146931,126.943025,학교,1,1841.0
1852,서경대학교,37.6154147804,127.0135657644,학교,1,1842.0
1853,서울여자대학교,37.6287826577,127.0889915089,학교,1,1843.0
1854,성공회대학교,37.4875235978,126.8261635351,학교,1,1844.0
1855,성균관대학교,37.5872284083,126.9931151163,학교,1,1845.0
1856,성신여자대학교,37.5916524767,127.0221456165,학교,1,1846.0
1857,세종대학교,37.5516081379,127.0731831883,학교,1,1847.0
1858,숙명여자대학교,37.5452862347,126.9654124669,학교,1,1848.0
1859,숭실대학교,37.4964289689,126.9551579174,학교,1,1849.0
1860,연세대학교,37.56380644,126.9429309,학교,1,1850.0
1861,이화여자대학교,37.56446452,126.9502888,학교,1,1851.0
1862,장로회신학대학교,37.5502659035,127.1031347439,학교,1,1852.0
1863,중앙대학교,37.5047267238,126.9538339076,학교,1,1853.0
1864,총신대학교,37.4879290071,126.9667631083,학교,1,1854.0
1865,추계예술대학교,37.56317672,126.9540593,학교,1,1855.0
1866,한국성서대학교,37.6489617716,127.0637509635,학교,1,1856.0
1867,한국외국어대학교,37.5982966772,127.0579424137,학교,1,1857.0
1868,한성대학교,37.5832358514,127.0103900048,학교,1,1858.0
1869,한양대학교,37.5545035492,127.0466112168,학교,1,1859.0
1870,서울한영대학교,37.4965661099,126.8512504636,학교,1,1860.0
1871,홍익대학교,37.5525192524,126.9249906195,학교,1,1861.0
1872,서울교육대학교,37.4907404858,127.0154245376,학교,1,1862.0
1873,한국방송통신대학교,37.5791954862,127.003290881,학교,1,1863.0
1874,정석대학,37.5462081658,126.8138841209,학교,1,1864.0
1875,경희사이버대학교,37.5939491408,127.0548909606,학교,1,1865.0
1876,서울디지털대학교,37.555000498,126.8540200682,학교,1,1866.0
1877,서울사이버대학교,37.62984392,127.0271231,학교,1,1867.0
1878,세종사이버대학교,37.5537274683,127.0728868294,학교,1,1868.0
1879,한국열린사이버대학교,37.59833282,127.0916241,학교,1,1869.0
1880,고려사이버대학교,37.5869442676,126.9870630256,학교,1,1870.0
1881,숭실사이버대학교,37.5744754999,126.9887757806,학교,1,1871.0
1882,디지털서울문화예술대학교,37.58544374,126.9438792,학교,1,1872.0
1883,한양사이버대학교,37.5571863579,127.0475189747,학교,1,1873.0
1884,사이버한국외국어대학교,37.5982966772,127.0579424137,학교,1,1874.0
1885,한국예술종합학교,37.60635811,127.0539408,학교,1,1875.0
1886,SPC식품과학대학,37.4911278898,126.9095247671,학교,1,1876.0
1887,국제예술대학교,37.51691937,127.0310425,학교,1,1877.0
1888,백석예술대학교,37.4803713866,126.9968969543,학교,1,1878.0
1889,정화예술대학교,37.55985621,126.9847828,학교,1,1879.0
1890,동양미래대학교,37.4999957879,126.8681696567,학교,1,1880.0
1891,명지전문대학,37.5853653,126.9256899,학교,1,1881.0
1892,배화여자대학교,37.5795440102,126.9672918715,학교,1,1882.0
1893,삼육보건대학교,37.5862119388,127.0635532812,학교,1,1883.0
1894,서일대학교,37.5860827979,127.0972033101,학교,1,1884.0
1895,숭의여자대학교,37.55785307,126.9874816,학교,1,1885.0
1896,인덕대학교,37.6303438662,127.0544999153,학교,1,1886.0
1897,한양여자대학교,37.5579175887,127.0493218973,학교,1,1887.0
1898,한국폴리텍,37.5299749717,126.9968169507,학교,1,1888.0
1899,KCUE대학교,37.4799534975,126.8770082397,학교,1,1889.0
1900,베뢰아국제대학원대학교,37.5009164398,126.8982487585,학교,1,1890.0
1901,횃불트리니티신학대학원대학교,37.4793861922,127.034774887,학교,1,1891.0
1902,수도국제대학원대학교,37.4829985966,126.922662766,학교,1,1892.0
1903,서울성경신학대학원대학교,37.49031064,126.9136874,학교,1,1893.0
1904,예명대학원대학교,37.4842221155,127.0237447298,학교,1,1894.0
1905,서울사회복지대학원대학교,37.51955557,126.9031437,학교,1,1895.0
1906,국제언어대학원대학교,37.524225199,127.1294853263,학교,1,1896.0
1907,서울불교대학원대학교,37.4664180215,126.9023257106,학교,1,1897.0
1908,서울외국어대학원대학교,37.4812785383,127.0389564352,학교,1,1898.0
1909,서울벤처대학원대학교,37.5107746,127.0443688,학교,1,1899.0
1910,개신대학원대학교,37.62955491,127.0245062,학교,1,1900.0
1911,서울과학종합대학원대학교,37.5573935501,126.9485236847,학교,1,1901.0
1912,동방문화대학원대학교,37.5966566434,126.9914878427,학교,1,1902.0
1913,북한대학원대학교,37.5858093172,126.9836737756,학교,1,1903.0
1914,순복음대학원대학교,37.4734161307,126.9818481982,학교,1,1904.0
1915,한림국제대학원대학교,37.5009760976,127.0514255719,학교,1,1905.0
1916,한반도국제대학원대학교,37.5430772141,126.960139236,학교,1,1906.0
1917,서울미디어대학원대학교,37.5582049766,126.8469707855,학교,1,1907.0
1918,서울상담심리대학원대학교,37.5760847789,126.9959192011,학교,1,1908.0
1919,한국상담대학원대학교,37.4869165343,127.0239755667,학교,1,1909.0
1920,백석대학교,37.4804670815,126.9972060569,학교,1,1910.0
1921,한신대학교,37.6350136598,127.0129394124,학교,1,1911.0
1922,호서대학교,37.481392801,127.012306526,학교,1,1912.0
1923,KDB금융대학교,37.5271224,126.920832,학교,1,1913.0
1924,치유상담대학원대학교,37.488529792,126.9954613898,학교,1,1914.0
1925,서울여자간호대학교,37.5975698954,126.9477573738,학교,1,1915.0
1926,태재대학교,37.583600095,126.9883453223,학교,1,1916.0
